system:index,H2O,LEDAPS,O3,cloud_count,date,doy,lake_count,lake_mean_rad,solar_z,thermal,valid_count,.geo
LE71970281999204FUI00,1.8899993896484375,"{shadow_count=0.0, cloud_count=0.0, water_count=0.0, snow_count=0.0, lake_SR={blue=null, green=null, red=null, nir=null, swir1=null, swir2=null}}",0.332,965.0,1999-07-23T10:22:04,204.4319955439815,0.0,"{blue=null, green=null, red=null, nir=null, swir1=null, swir2=null, tir1=null, tir2=null}",31.475189208984375,"{lake_TIR=null, bkgd_BT=null, lake_BT=null, bkgd_TIR=null}","{blue=965, green=965, red=965, nir=965, swir1=639, swir2=965, tir1=0, tir2=0}","{""geodesic"":true,""type"":""Polygon"",""coordinates"":[[[2.8818679999999994,45.499909],[2.8817400000000006,45.492129],[2.89423,45.49203200000001],[2.894705,45.49992400000001],[2.8818679999999994,45.499909]]]}"
LE71970281999220AGS00,2.230000305175781,"{shadow_count=154.0, cloud_count=470.0, water_count=61.0, snow_count=0.0, lake_SR={blue=0.026304918032786877, green=0.019344262295081984, red=0.006293442622950821, nir=0.01650983606557378, swir1=0.0062311475409836045, swir2=0.004098360655737709}}",0.308,600.0,1999-08-08T10:22:10,220.43206388888888,1.0,"{blue=42.86063051223755, green=24.753936767578125, red=11.162992477416992, nir=5.775984168052673, swir1=0.5146457701921463, swir2=0.04507870972156525, tir1=7.983307145535946, tir2=7.9994093999266624}",34.840885162353516,"{lake_TIR=7.983307145535946, bkgd_BT=17.456432784231087, lake_BT=16.160064697265625, bkgd_TIR=8.149493636609169}","{blue=965, green=965, red=965, nir=965, swir1=965, swir2=965, tir1=714, tir2=714}","{""geodesic"":true,""type"":""Polygon"",""coordinates"":[[[2.8818679999999994,45.499909],[2.8817400000000006,45.492129],[2.89423,45.49203200000001],[2.894705,45.49992400000001],[2.8818679999999994,45.499909]]]}"
LE71970281999236EDC00,2.9399993896484373,"{shadow_count=0.0, cloud_count=0.0, water_count=132.0, snow_count=0.0, lake_SR={blue=0.019797727272727248, green=0.014789393939393955, red=0.002045454545454544, nir=0.014720454545454537, swir1=0.004568939393939393, swir2=0.002212878787878788}}",0.304,494.0,1999-08-24T10:22:10,236.43206528935184,19.0,"{blue=38.80298437570271, green=21.852962917403172, red=8.970845724406995, nir=5.136220395565033, swir1=0.2954207266631879, swir2=0.04507870972156525, tir1=8.408189038435617, tir2=8.414862149084607}",39.07588577270508,"{lake_TIR=8.408189038435617, bkgd_BT=26.92144815881825, lake_BT=19.537801106770832, bkgd_TIR=9.381585209786516}","{blue=965, green=965, red=965, nir=965, swir1=965, swir2=965, tir1=385, tir2=385}","{""geodesic"":true,""type"":""Polygon"",""coordinates"":[[[2.8818679999999994,45.499909],[2.8817400000000006,45.492129],[2.89423,45.49203200000001],[2.894705,45.49992400000001],[2.8818679999999994,45.499909]]]}"
LE71970281999252FUI00,2.4100006103515623,"{shadow_count=8.0, cloud_count=0.0, water_count=0.0, snow_count=0.0, lake_SR={blue=null, green=null, red=null, nir=null, swir1=null, swir2=null}}",0.294,476.0,1999-09-09T10:22:09,252.43205707175926,0.0,"{blue=null, green=null, red=null, nir=null, swir1=null, swir2=null, tir1=null, tir2=null}",44.013973236083984,"{lake_TIR=null, bkgd_BT=20.21493236206839, lake_BT=null, bkgd_TIR=8.496728046659612}","{blue=965, green=965, red=965, nir=965, swir1=964, swir2=965, tir1=27, tir2=27}","{""geodesic"":true,""type"":""Polygon"",""coordinates"":[[[2.8818679999999994,45.499909],[2.8817400000000006,45.492129],[2.89423,45.49203200000001],[2.894705,45.49992400000001],[2.8818679999999994,45.499909]]]}"
LE71970281999268NSG00,2.3600006103515625,"{shadow_count=0.0, cloud_count=965.0, water_count=0.0, snow_count=0.0, lake_SR={blue=null, green=null, red=null, nir=null, swir1=null, swir2=null}}",0.278,965.0,1999-09-25T10:22:14,268.432111712963,0.0,"{blue=null, green=null, red=null, nir=null, swir1=null, swir2=null, tir1=null, tir2=null}",49.44246292114258,"{lake_TIR=null, bkgd_BT=null, lake_BT=null, bkgd_TIR=null}","{blue=965, green=965, red=965, nir=965, swir1=965, swir2=965, tir1=965, tir2=965}","{""geodesic"":true,""type"":""Polygon"",""coordinates"":[[[2.8818679999999994,45.499909],[2.8817400000000006,45.492129],[2.89423,45.49203200000001],[2.894705,45.49992400000001],[2.8818679999999994,45.499909]]]}"
LE71970281999284EDC00,2.4300003051757812,"{shadow_count=0.0, cloud_count=0.0, water_count=428.0, snow_count=0.0, lake_SR={blue=0.02349322429906542, green=0.015593457943925245, red=0.004467757009345799, nir=0.011932710280373843, swir1=0.004230841121495341, swir2=0.0019658878504672885}}",0.267,431.0,1999-10-11T10:22:17,284.4321478935185,276.0,"{blue=31.19645713204923, green=16.42422388817953, red=7.072692262953606, nir=3.6017145354678664, swir1=0.20321045637778615, swir2=0.0329909548163414, tir1=7.412827853410357, tir2=7.412895801099206}",55.0701789855957,"{lake_TIR=7.412827853410357, bkgd_BT=13.713222079806858, lake_BT=11.459564982980922, bkgd_TIR=7.683813330052154}","{blue=965, green=965, red=965, nir=965, swir1=965, swir2=965, tir1=965, tir2=965}","{""geodesic"":true,""type"":""Polygon"",""coordinates"":[[[2.8818679999999994,45.499909],[2.8817400000000006,45.492129],[2.89423,45.49203200000001],[2.894705,45.49992400000001],[2.8818679999999994,45.499909]]]}"
LE71970281999300EDC01,1.15,"{shadow_count=0.0, cloud_count=0.0, water_count=473.0, snow_count=0.0, lake_SR={blue=0.023697040169133148, green=0.01674735729386893, red=0.007018393234672273, nir=0.012647145877378469, swir1=0.0045040169133192575, swir2=0.0025775898520084646}}",0.28,372.0,1999-10-27T10:22:08,300.43204725694443,327.0,"{blue=27.004813888386483, green=13.995531950521906, red=6.208774834962431, nir=2.9704145969600853, swir1=0.1641619919545789, swir2=0.026016127625736622, tir1=7.289053004747684, tir2=7.29160944031785}",60.50740051269531,"{lake_TIR=7.289053004747684, bkgd_BT=12.087926678324855, lake_BT=10.412653371828412, bkgd_TIR=7.488114320053611}","{blue=965, green=965, red=965, nir=965, swir1=965, swir2=965, tir1=965, tir2=965}","{""geodesic"":true,""type"":""Polygon"",""coordinates"":[[[2.8818679999999994,45.499909],[2.8817400000000006,45.492129],[2.89423,45.49203200000001],[2.894705,45.49992400000001],[2.8818679999999994,45.499909]]]}"
LE71970281999316NSG00,1.4399993896484375,"{shadow_count=0.0, cloud_count=965.0, water_count=0.0, snow_count=0.0, lake_SR={blue=null, green=null, red=null, nir=null, swir1=null, swir2=null}}",0.266,965.0,1999-11-12T10:22:08,316.4320475925926,0.0,"{blue=null, green=null, red=null, nir=null, swir1=null, swir2=null, tir1=null, tir2=null}",65.32854652404785,"{lake_TIR=null, bkgd_BT=null, lake_BT=null, bkgd_TIR=null}","{blue=965, green=965, red=965, nir=965, swir1=965, swir2=965, tir1=965, tir2=965}","{""geodesic"":true,""type"":""Polygon"",""coordinates"":[[[2.8818679999999994,45.499909],[2.8817400000000006,45.492129],[2.89423,45.49203200000001],[2.894705,45.49992400000001],[2.8818679999999994,45.499909]]]}"
LE71970281999332EDC00,0.7899993896484375,"{shadow_count=0.0, cloud_count=0.0, water_count=0.0, snow_count=0.0, lake_SR={blue=null, green=null, red=null, nir=null, swir1=null, swir2=null}}",0.224,965.0,1999-11-28T10:22:02,332.43197488425926,0.0,"{blue=null, green=null, red=null, nir=null, swir1=null, swir2=null, tir1=null, tir2=null}",69.06598472595215,"{lake_TIR=null, bkgd_BT=null, lake_BT=null, bkgd_TIR=null}","{blue=965, green=965, red=965, nir=965, swir1=250, swir2=965, tir1=0, tir2=0}","{""geodesic"":true,""type"":""Polygon"",""coordinates"":[[[2.8818679999999994,45.499909],[2.8817400000000006,45.492129],[2.89423,45.49203200000001],[2.894705,45.49992400000001],[2.8818679999999994,45.499909]]]}"
LE71970281999364FUI00,1.05,"{shadow_count=0.0, cloud_count=0.0, water_count=0.0, snow_count=0.0, lake_SR={blue=null, green=null, red=null, nir=null, swir1=null, swir2=null}}",0.334,480.0,1999-12-30T10:22:03,364.43198087962963,0.0,"{blue=null, green=null, red=null, nir=null, swir1=null, swir2=null, tir1=null, tir2=null}",71.72962188720703,"{lake_TIR=null, bkgd_BT=null, lake_BT=null, bkgd_TIR=null}","{blue=965, green=965, red=965, nir=965, swir1=373, swir2=965, tir1=0, tir2=0}","{""geodesic"":true,""type"":""Polygon"",""coordinates"":[[[2.8818679999999994,45.499909],[2.8817400000000006,45.492129],[2.89423,45.49203200000001],[2.894705,45.49992400000001],[2.8818679999999994,45.499909]]]}"
LE71970282000015FUI00,0.7100006103515625,"{shadow_count=0.0, cloud_count=0.0, water_count=183.0, snow_count=132.0, lake_SR={blue=0.0535300546448088, green=0.02418907103825136, red=0.00800819672131147, nir=0.008289071038251364, swir1=-0.002112021857923498, swir2=-7.579234972677598E-4}}",0.342,347.0,2000-01-15T10:22:04,15.43200082175926,342.0,"{blue=30.78560387809374, green=16.321959634621937, red=8.334650563914874, nir=3.5255870385128154, swir1=0.10535187579212132, swir2=0.02030606705107187, tir1=5.82189839658412, tir2=5.827668203989213}",70.2612533569336,"{lake_TIR=5.82189839658412, bkgd_BT=null, lake_BT=-2.874266745827415, bkgd_TIR=null}","{blue=965, green=965, red=965, nir=965, swir1=965, swir2=965, tir1=353, tir2=353}","{""geodesic"":true,""type"":""Polygon"",""coordinates"":[[[2.8818679999999994,45.499909],[2.8817400000000006,45.492129],[2.89423,45.49203200000001],[2.894705,45.49992400000001],[2.8818679999999994,45.499909]]]}"
LE71970282000031EDC00,1.25,"{shadow_count=0.0, cloud_count=786.0, water_count=0.0, snow_count=0.0, lake_SR={blue=null, green=null, red=null, nir=null, swir1=null, swir2=null}}",0.278,965.0,2000-01-31T10:22:03,31.431987303240742,0.0,"{blue=null, green=null, red=null, nir=null, swir1=null, swir2=null, tir1=null, tir2=null}",67.01895713806152,"{lake_TIR=null, bkgd_BT=null, lake_BT=null, bkgd_TIR=null}","{blue=965, green=965, red=965, nir=965, swir1=965, swir2=965, tir1=791, tir2=791}","{""geodesic"":true,""type"":""Polygon"",""coordinates"":[[[2.8818679999999994,45.499909],[2.8817400000000006,45.492129],[2.89423,45.49203200000001],[2.894705,45.49992400000001],[2.8818679999999994,45.499909]]]}"
LE71970282000047EDC00,0.8399993896484375,"{shadow_count=0.0, cloud_count=231.0, water_count=0.0, snow_count=0.0, lake_SR={blue=null, green=null, red=null, nir=null, swir1=null, swir2=null}}",0.4,965.0,2000-02-16T10:21:58,47.43192413194444,0.0,"{blue=null, green=null, red=null, nir=null, swir1=null, swir2=null, tir1=null, tir2=null}",62.30826759338379,"{lake_TIR=null, bkgd_BT=null, lake_BT=null, bkgd_TIR=null}","{blue=965, green=965, red=965, nir=965, swir1=965, swir2=965, tir1=236, tir2=236}","{""geodesic"":true,""type"":""Polygon"",""coordinates"":[[[2.8818679999999994,45.499909],[2.8817400000000006,45.492129],[2.89423,45.49203200000001],[2.894705,45.49992400000001],[2.8818679999999994,45.499909]]]}"
LE71970282000063FUI00,1.7,"{shadow_count=0.0, cloud_count=424.0, water_count=0.0, snow_count=1.0, lake_SR={blue=null, green=null, red=null, nir=null, swir1=null, swir2=null}}",0.275,965.0,2000-03-03T10:21:53,63.4318690625,0.0,"{blue=null, green=null, red=null, nir=null, swir1=null, swir2=null, tir1=null, tir2=null}",56.57188034057617,"{lake_TIR=null, bkgd_BT=null, lake_BT=null, bkgd_TIR=null}","{blue=965, green=965, red=965, nir=965, swir1=965, swir2=965, tir1=425, tir2=425}","{""geodesic"":true,""type"":""Polygon"",""coordinates"":[[[2.8818679999999994,45.499909],[2.8817400000000006,45.492129],[2.89423,45.49203200000001],[2.894705,45.49992400000001],[2.8818679999999994,45.499909]]]}"
LE71970282000079EDC00,0.9600006103515625,"{shadow_count=0.0, cloud_count=965.0, water_count=0.0, snow_count=0.0, lake_SR={blue=null, green=null, red=null, nir=null, swir1=null, swir2=null}}",0.39,965.0,2000-03-19T10:21:51,79.43185122685185,0.0,"{blue=null, green=null, red=null, nir=null, swir1=null, swir2=null, tir1=null, tir2=null}",50.32290267944336,"{lake_TIR=null, bkgd_BT=null, lake_BT=null, bkgd_TIR=null}","{blue=965, green=965, red=965, nir=965, swir1=965, swir2=965, tir1=965, tir2=965}","{""geodesic"":true,""type"":""Polygon"",""coordinates"":[[[2.8818679999999994,45.499909],[2.8817400000000006,45.492129],[2.89423,45.49203200000001],[2.894705,45.49992400000001],[2.8818679999999994,45.499909]]]}"
LE71970282000111EDC00,1.9399993896484375,"{shadow_count=0.0, cloud_count=0.0, water_count=431.0, snow_count=0.0, lake_SR={blue=0.02634199535962879, green=0.022320649651972148, red=0.010150580046403694, nir=0.014922273781902596, swir1=0.0072554524361948996, swir2=0.004717633410672832}}",0.337,436.0,2000-04-20T10:21:32,111.43162958333333,164.0,"{blue=38.88620660799305, green=21.958070665597916, red=9.722575699410788, nir=4.675657890191892, swir1=0.3576398077534466, swir2=0.07773426838400888, tir1=7.133270649920877, tir2=7.134626429527998}",38.31831359863281,"{lake_TIR=7.130912512102547, bkgd_BT=null, lake_BT=9.060053806678921, bkgd_TIR=null}","{blue=965, green=965, red=965, nir=965, swir1=965, swir2=965, tir1=892, tir2=892}","{""geodesic"":true,""type"":""Polygon"",""coordinates"":[[[2.8818679999999994,45.499909],[2.8817400000000006,45.492129],[2.89423,45.49203200000001],[2.894705,45.49992400000001],[2.8818679999999994,45.499909]]]}"
LE71970282000143EDC00,1.35,"{shadow_count=0.0, cloud_count=965.0, water_count=0.0, snow_count=0.0, lake_SR={blue=null, green=null, red=null, nir=null, swir1=null, swir2=null}}",0.34,956.0,2000-05-22T10:21:16,143.43143655092592,0.0,"{blue=null, green=null, red=null, nir=null, swir1=null, swir2=null, tir1=null, tir2=null}",30.156944274902344,"{lake_TIR=null, bkgd_BT=null, lake_BT=null, bkgd_TIR=null}","{blue=965, green=965, red=965, nir=965, swir1=965, swir2=965, tir1=965, tir2=965}","{""geodesic"":true,""type"":""Polygon"",""coordinates"":[[[2.8818679999999994,45.499909],[2.8817400000000006,45.492129],[2.89423,45.49203200000001],[2.894705,45.49992400000001],[2.8818679999999994,45.499909]]]}"
LE71970282000159EDC00,1.6899993896484375,"{shadow_count=0.0, cloud_count=965.0, water_count=0.0, snow_count=0.0, lake_SR={blue=null, green=null, red=null, nir=null, swir1=null, swir2=null}}",0.299,965.0,2000-06-07T10:21:06,159.43132210648147,0.0,"{blue=null, green=null, red=null, nir=null, swir1=null, swir2=null, tir1=null, tir2=null}",28.402664184570312,"{lake_TIR=null, bkgd_BT=null, lake_BT=null, bkgd_TIR=null}","{blue=965, green=965, red=965, nir=965, swir1=965, swir2=965, tir1=965, tir2=965}","{""geodesic"":true,""type"":""Polygon"",""coordinates"":[[[2.8818679999999994,45.499909],[2.8817400000000006,45.492129],[2.89423,45.49203200000001],[2.894705,45.49992400000001],[2.8818679999999994,45.499909]]]}"
LE71970282000207EDC00,2.6899993896484373,"{shadow_count=0.0, cloud_count=668.0, water_count=0.0, snow_count=0.0, lake_SR={blue=null, green=null, red=null, nir=null, swir1=null, swir2=null}}",0.305,965.0,2000-07-25T10:20:28,207.43088858796295,0.0,"{blue=null, green=null, red=null, nir=null, swir1=null, swir2=null, tir1=null, tir2=null}",32.175636291503906,"{lake_TIR=null, bkgd_BT=null, lake_BT=null, bkgd_TIR=null}","{blue=965, green=965, red=965, nir=965, swir1=965, swir2=965, tir1=672, tir2=672}","{""geodesic"":true,""type"":""Polygon"",""coordinates"":[[[2.8818679999999994,45.499909],[2.8817400000000006,45.492129],[2.89423,45.49203200000001],[2.894705,45.49992400000001],[2.8818679999999994,45.499909]]]}"
LE71970282000223EDC01,2.029998779296875,"{shadow_count=0.0, cloud_count=0.0, water_count=354.0, snow_count=0.0, lake_SR={blue=0.020657344632768318, green=0.013535028248587523, red=0.001997175141242946, nir=0.013762146892655423, swir1=0.004181920903954798, swir2=0.0021618644067796624}}",0.298,501.0,2000-08-10T10:20:20,223.43079305555557,26.0,"{blue=39.59591211722447, green=20.882737549451683, red=8.67637825012207, nir=4.630193944160755, swir1=0.3010418816254689, swir2=0.051832192219220675, tir1=8.024591216101097, tir2=8.01228795816692}",35.71236801147461,"{lake_TIR=8.024591216101097, bkgd_BT=23.290483752951875, lake_BT=16.492279052734375, bkgd_TIR=8.897072342233926}","{blue=965, green=965, red=965, nir=965, swir1=965, swir2=965, tir1=965, tir2=965}","{""geodesic"":true,""type"":""Polygon"",""coordinates"":[[[2.8818679999999994,45.499909],[2.8817400000000006,45.492129],[2.89423,45.49203200000001],[2.894705,45.49992400000001],[2.8818679999999994,45.499909]]]}"
LE71970282000239FUI00,2.7899993896484374,"{shadow_count=0.0, cloud_count=965.0, water_count=0.0, snow_count=0.0, lake_SR={blue=null, green=null, red=null, nir=null, swir1=null, swir2=null}}",0.288,965.0,2000-08-26T10:20:13,239.4307126851852,0.0,"{blue=null, green=null, red=null, nir=null, swir1=null, swir2=null, tir1=null, tir2=null}",40.07666015625,"{lake_TIR=null, bkgd_BT=null, lake_BT=null, bkgd_TIR=null}","{blue=965, green=965, red=965, nir=965, swir1=965, swir2=965, tir1=965, tir2=965}","{""geodesic"":true,""type"":""Polygon"",""coordinates"":[[[2.8818679999999994,45.499909],[2.8817400000000006,45.492129],[2.89423,45.49203200000001],[2.894705,45.49992400000001],[2.8818679999999994,45.499909]]]}"
LE71970282000255EDC00,1.929998779296875,"{shadow_count=0.0, cloud_count=0.0, water_count=372.0, snow_count=0.0, lake_SR={blue=0.019505376344085973, green=0.01252231182795701, red=0.001388978494623654, nir=0.012100537634408591, swir1=0.003694892473118283, swir2=0.001962365591397852}}",0.281,471.0,2000-09-11T10:19:56,255.4305163310185,56.0,"{blue=34.739483049937654, green=18.691472005631244, red=7.510777831077576, nir=4.108267843723297, swir1=0.23515756534678595, swir2=0.03645595974688019, tir1=8.106698597515267, tir2=8.102386760458883}",45.11409378051758,"{lake_TIR=8.106698597515267, bkgd_BT=23.499593906195337, lake_BT=17.15065656389509, bkgd_TIR=8.925148432863987}","{blue=965, green=965, red=965, nir=965, swir1=965, swir2=965, tir1=965, tir2=965}","{""geodesic"":true,""type"":""Polygon"",""coordinates"":[[[2.8818679999999994,45.499909],[2.8817400000000006,45.492129],[2.89423,45.49203200000001],[2.894705,45.49992400000001],[2.8818679999999994,45.499909]]]}"
LE71970282000303EDC00,1.5399993896484374,"{shadow_count=0.0, cloud_count=848.0, water_count=0.0, snow_count=0.0, lake_SR={blue=null, green=null, red=null, nir=null, swir1=null, swir2=null}}",0.29,965.0,2000-10-29T10:19:36,303.4302873148148,0.0,"{blue=null, green=null, red=null, nir=null, swir1=null, swir2=null, tir1=null, tir2=null}",61.53407287597656,"{lake_TIR=null, bkgd_BT=null, lake_BT=null, bkgd_TIR=null}","{blue=965, green=965, red=965, nir=965, swir1=965, swir2=965, tir1=845, tir2=845}","{""geodesic"":true,""type"":""Polygon"",""coordinates"":[[[2.8818679999999994,45.499909],[2.8817400000000006,45.492129],[2.89423,45.49203200000001],[2.894705,45.49992400000001],[2.8818679999999994,45.499909]]]}"
LE71970282000319AGS00,1.120001220703125,"{shadow_count=0.0, cloud_count=0.0, water_count=0.0, snow_count=0.0, lake_SR={blue=null, green=null, red=null, nir=null, swir1=null, swir2=null}}",0.318,965.0,2000-11-14T10:19:36,319.43028101851854,0.0,"{blue=null, green=null, red=null, nir=null, swir1=null, swir2=null, tir1=null, tir2=null}",66.18681335449219,"{lake_TIR=null, bkgd_BT=null, lake_BT=null, bkgd_TIR=null}","{blue=965, green=965, red=965, nir=965, swir1=924, swir2=965, tir1=0, tir2=0}","{""geodesic"":true,""type"":""Polygon"",""coordinates"":[[[2.8818679999999994,45.499909],[2.8817400000000006,45.492129],[2.89423,45.49203200000001],[2.894705,45.49992400000001],[2.8818679999999994,45.499909]]]}"
LE71970282000335EDC00,1.570001220703125,"{shadow_count=0.0, cloud_count=0.0, water_count=0.0, snow_count=0.0, lake_SR={blue=null, green=null, red=null, nir=null, swir1=null, swir2=null}}",0.274,934.0,2000-11-30T10:19:38,335.4303025347222,0.0,"{blue=null, green=null, red=null, nir=null, swir1=null, swir2=null, tir1=null, tir2=null}",69.69294357299805,"{lake_TIR=null, bkgd_BT=null, lake_BT=null, bkgd_TIR=null}","{blue=965, green=965, red=965, nir=965, swir1=907, swir2=965, tir1=0, tir2=0}","{""geodesic"":true,""type"":""Polygon"",""coordinates"":[[[2.8818679999999994,45.499909],[2.8817400000000006,45.492129],[2.89423,45.49203200000001],[2.894705,45.49992400000001],[2.8818679999999994,45.499909]]]}"
LE71970282000351FUI00,1.1899993896484375,"{shadow_count=16.0, cloud_count=277.0, water_count=0.0, snow_count=0.0, lake_SR={blue=null, green=null, red=null, nir=null, swir1=null, swir2=null}}",0.333,721.0,2000-12-16T10:19:40,351.43033342592594,1.0,"{blue=31.17952799797058, green=15.966929018497467, red=8.67637825012207, nir=3.856692850589752, swir1=0.3884252905845642, swir2=0.13287398219108582, tir1=null, tir2=null}",71.63350296020508,"{lake_TIR=null, bkgd_BT=null, lake_BT=null, bkgd_TIR=null}","{blue=965, green=965, red=965, nir=965, swir1=965, swir2=965, tir1=293, tir2=293}","{""geodesic"":true,""type"":""Polygon"",""coordinates"":[[[2.8818679999999994,45.499909],[2.8817400000000006,45.492129],[2.89423,45.49203200000001],[2.894705,45.49992400000001],[2.8818679999999994,45.499909]]]}"
LE71970282001001FUI00,2.0600006103515627,"{shadow_count=0.0, cloud_count=11.0, water_count=0.0, snow_count=0.0, lake_SR={blue=null, green=null, red=null, nir=null, swir1=null, swir2=null}}",0.285,965.0,2001-01-01T10:19:39,1.4303219907407407,0.0,"{blue=null, green=null, red=null, nir=null, swir1=null, swir2=null, tir1=null, tir2=null}",71.75345420837402,"{lake_TIR=null, bkgd_BT=null, lake_BT=null, bkgd_TIR=null}","{blue=965, green=965, red=965, nir=965, swir1=961, swir2=965, tir1=11, tir2=11}","{""geodesic"":true,""type"":""Polygon"",""coordinates"":[[[2.8818679999999994,45.499909],[2.8817400000000006,45.492129],[2.89423,45.49203200000001],[2.894705,45.49992400000001],[2.8818679999999994,45.499909]]]}"
LE71970282001017FUI00,1.1100006103515625,"{shadow_count=0.0, cloud_count=965.0, water_count=0.0, snow_count=0.0, lake_SR={blue=null, green=null, red=null, nir=null, swir1=null, swir2=null}}",0.306,965.0,2001-01-17T10:19:44,17.430381481481483,0.0,"{blue=null, green=null, red=null, nir=null, swir1=null, swir2=null, tir1=null, tir2=null}",69.98043823242188,"{lake_TIR=null, bkgd_BT=null, lake_BT=null, bkgd_TIR=null}","{blue=965, green=965, red=965, nir=965, swir1=965, swir2=965, tir1=965, tir2=965}","{""geodesic"":true,""type"":""Polygon"",""coordinates"":[[[2.8818679999999994,45.499909],[2.8817400000000006,45.492129],[2.89423,45.49203200000001],[2.894705,45.49992400000001],[2.8818679999999994,45.499909]]]}"
LE71970282001033FUI00,1.320001220703125,"{shadow_count=658.0, cloud_count=0.0, water_count=6.0, snow_count=287.0, lake_SR={blue=0.13918333333333335, green=0.09611666666666667, red=0.07590000000000001, nir=0.08565, swir1=0.011550000000000003, swir2=0.009033333333333334}}",0.336,414.0,2001-02-02T10:19:43,33.43036927083333,258.0,"{blue=36.46469867044641, green=19.211743719356004, red=10.030522819637328, nir=4.2732832140700765, swir1=0.15555339797522671, swir2=0.03674156175449837, tir1=5.812093066152676, tir2=5.815434430819726}",66.46639060974121,"{lake_TIR=5.812093066152676, bkgd_BT=-6.683249051453637, lake_BT=-2.9663607575172604, bkgd_TIR=5.436215349274581}","{blue=965, green=965, red=965, nir=965, swir1=965, swir2=965, tir1=965, tir2=965}","{""geodesic"":true,""type"":""Polygon"",""coordinates"":[[[2.8818679999999994,45.499909],[2.8817400000000006,45.492129],[2.89423,45.49203200000001],[2.894705,45.49992400000001],[2.8818679999999994,45.499909]]]}"
LE71970282001049EDC00,0.55,"{shadow_count=0.0, cloud_count=965.0, water_count=0.0, snow_count=0.0, lake_SR={blue=null, green=null, red=null, nir=null, swir1=null, swir2=null}}",0.333,965.0,2001-02-18T10:19:40,49.43033358796296,0.0,"{blue=null, green=null, red=null, nir=null, swir1=null, swir2=null, tir1=null, tir2=null}",61.56026077270508,"{lake_TIR=null, bkgd_BT=null, lake_BT=null, bkgd_TIR=null}","{blue=965, green=965, red=965, nir=965, swir1=965, swir2=965, tir1=965, tir2=965}","{""geodesic"":true,""type"":""Polygon"",""coordinates"":[[[2.8818679999999994,45.499909],[2.8817400000000006,45.492129],[2.89423,45.49203200000001],[2.894705,45.49992400000001],[2.8818679999999994,45.499909]]]}"
LE71970282001065FUI00,1.429998779296875,"{shadow_count=0.0, cloud_count=965.0, water_count=0.0, snow_count=0.0, lake_SR={blue=null, green=null, red=null, nir=null, swir1=null, swir2=null}}",0.328,965.0,2001-03-06T10:19:36,65.43028362268518,0.0,"{blue=null, green=null, red=null, nir=null, swir1=null, swir2=null, tir1=null, tir2=null}",55.705810546875,"{lake_TIR=null, bkgd_BT=null, lake_BT=null, bkgd_TIR=null}","{blue=965, green=965, red=965, nir=965, swir1=965, swir2=965, tir1=965, tir2=965}","{""geodesic"":true,""type"":""Polygon"",""coordinates"":[[[2.8818679999999994,45.499909],[2.8817400000000006,45.492129],[2.89423,45.49203200000001],[2.894705,45.49992400000001],[2.8818679999999994,45.499909]]]}"
LE71970282001081EDC00,1.529998779296875,"{shadow_count=0.0, cloud_count=901.0, water_count=0.0, snow_count=0.0, lake_SR={blue=null, green=null, red=null, nir=null, swir1=null, swir2=null}}",0.336,965.0,2001-03-22T10:19:27,81.43017579861112,0.0,"{blue=null, green=null, red=null, nir=null, swir1=null, swir2=null, tir1=null, tir2=null}",49.427574157714844,"{lake_TIR=null, bkgd_BT=null, lake_BT=null, bkgd_TIR=null}","{blue=965, green=965, red=965, nir=965, swir1=965, swir2=965, tir1=904, tir2=904}","{""geodesic"":true,""type"":""Polygon"",""coordinates"":[[[2.8818679999999994,45.499909],[2.8817400000000006,45.492129],[2.89423,45.49203200000001],[2.894705,45.49992400000001],[2.8818679999999994,45.499909]]]}"
LE71970282001097EDC00,1.05,"{shadow_count=0.0, cloud_count=328.0, water_count=0.0, snow_count=0.0, lake_SR={blue=null, green=null, red=null, nir=null, swir1=null, swir2=null}}",0.4,963.0,2001-04-07T10:19:18,97.43007501157408,0.0,"{blue=null, green=null, red=null, nir=null, swir1=null, swir2=null, tir1=null, tir2=null}",43.2335205078125,"{lake_TIR=null, bkgd_BT=null, lake_BT=null, bkgd_TIR=null}","{blue=965, green=965, red=965, nir=965, swir1=965, swir2=965, tir1=330, tir2=330}","{""geodesic"":true,""type"":""Polygon"",""coordinates"":[[[2.8818679999999994,45.499909],[2.8817400000000006,45.492129],[2.89423,45.49203200000001],[2.894705,45.49992400000001],[2.8818679999999994,45.499909]]]}"
LE71970282001129EDC00,1.8399993896484375,"{shadow_count=0.0, cloud_count=294.0, water_count=0.0, snow_count=0.0, lake_SR={blue=null, green=null, red=null, nir=null, swir1=null, swir2=null}}",0.362,516.0,2001-05-09T10:19:15,129.4300421875,0.0,"{blue=null, green=null, red=null, nir=null, swir1=null, swir2=null, tir1=null, tir2=null}",33.086273193359375,"{lake_TIR=null, bkgd_BT=null, lake_BT=null, bkgd_TIR=null}","{blue=965, green=965, red=965, nir=965, swir1=965, swir2=965, tir1=965, tir2=965}","{""geodesic"":true,""type"":""Polygon"",""coordinates"":[[[2.8818679999999994,45.499909],[2.8817400000000006,45.492129],[2.89423,45.49203200000001],[2.894705,45.49992400000001],[2.8818679999999994,45.499909]]]}"
LE71970282001145EDC00,2.1800003051757812,"{shadow_count=0.0, cloud_count=965.0, water_count=0.0, snow_count=0.0, lake_SR={blue=null, green=null, red=null, nir=null, swir1=null, swir2=null}}",0.342,965.0,2001-05-25T10:19:05,145.42992332175925,0.0,"{blue=null, green=null, red=null, nir=null, swir1=null, swir2=null, tir1=null, tir2=null}",29.983478546142578,"{lake_TIR=null, bkgd_BT=null, lake_BT=null, bkgd_TIR=null}","{blue=965, green=965, red=965, nir=965, swir1=965, swir2=965, tir1=965, tir2=965}","{""geodesic"":true,""type"":""Polygon"",""coordinates"":[[[2.8818679999999994,45.499909],[2.8817400000000006,45.492129],[2.89423,45.49203200000001],[2.894705,45.49992400000001],[2.8818679999999994,45.499909]]]}"
LE71970282001177EDC00,2.75,"{shadow_count=0.0, cloud_count=0.0, water_count=0.0, snow_count=0.0, lake_SR={blue=null, green=null, red=null, nir=null, swir1=null, swir2=null}}",0.297,545.0,2001-06-26T10:18:36,177.42958497685186,0.0,"{blue=null, green=null, red=null, nir=null, swir1=null, swir2=null, tir1=null, tir2=null}",28.699417114257812,"{lake_TIR=null, bkgd_BT=26.401528321640072, lake_BT=null, bkgd_TIR=9.311505380152942}","{blue=965, green=965, red=965, nir=965, swir1=965, swir2=965, tir1=776, tir2=776}","{""geodesic"":true,""type"":""Polygon"",""coordinates"":[[[2.8818679999999994,45.499909],[2.8817400000000006,45.492129],[2.89423,45.49203200000001],[2.894705,45.49992400000001],[2.8818679999999994,45.499909]]]}"
LE71970282001225EDC00,2.2199996948242187,"{shadow_count=0.0, cloud_count=0.0, water_count=349.0, snow_count=0.0, lake_SR={blue=0.0169515759312321, green=0.012610315186246435, red=0.0012673352435530086, nir=0.011939541547277967, swir1=0.0035833810888252085, swir2=0.001896275071633238}}",0.308,497.0,2001-08-13T10:18:08,225.429261875,116.0,"{blue=37.187911187780315, green=19.81640968600224, red=8.161906341026569, nir=4.542777749998816, swir1=0.26982156405675, swir2=0.04205128653296109, tir1=8.14061369027557, tir2=8.147586834392158}",36.64760208129883,"{lake_TIR=8.14061369027557, bkgd_BT=23.74388744064095, lake_BT=17.421885260220233, bkgd_TIR=8.957973822853186}","{blue=965, green=965, red=965, nir=965, swir1=965, swir2=965, tir1=965, tir2=965}","{""geodesic"":true,""type"":""Polygon"",""coordinates"":[[[2.8818679999999994,45.499909],[2.8817400000000006,45.492129],[2.89423,45.49203200000001],[2.894705,45.49992400000001],[2.8818679999999994,45.499909]]]}"
LE71970282001289EDC00,1.55,"{shadow_count=0.0, cloud_count=3.0, water_count=151.0, snow_count=0.0, lake_SR={blue=0.026648344370860916, green=0.018333112582781426, red=0.008499337748344384, nir=0.01852384105960268, swir1=0.0076582781456953795, swir2=0.005098013245033115}}",0.266,425.0,2001-10-16T10:17:31,289.4288313310185,81.0,"{blue=30.843035332950546, green=16.77560986633654, red=7.348649048510893, nir=3.8487945324108925, swir1=0.2809041412892165, swir2=0.055917632248666554, tir1=7.43786380018877, tir2=7.418692189228276}",57.26585006713867,"{lake_TIR=7.43786380018877, bkgd_BT=11.921877926343107, lake_BT=11.670122229534647, bkgd_TIR=7.468210604143877}","{blue=965, green=965, red=965, nir=965, swir1=965, swir2=965, tir1=429, tir2=429}","{""geodesic"":true,""type"":""Polygon"",""coordinates"":[[[2.8818679999999994,45.499909],[2.8817400000000006,45.492129],[2.89423,45.49203200000001],[2.894705,45.49992400000001],[2.8818679999999994,45.499909]]]}"
LE71970282001321EDC00,0.9,"{shadow_count=0.0, cloud_count=646.0, water_count=0.0, snow_count=5.0, lake_SR={blue=null, green=null, red=null, nir=null, swir1=null, swir2=null}}",0.282,618.0,2001-11-17T10:17:47,321.4290184722222,0.0,"{blue=null, green=null, red=null, nir=null, swir1=null, swir2=null, tir1=null, tir2=null}",66.98726844787598,"{lake_TIR=null, bkgd_BT=null, lake_BT=null, bkgd_TIR=null}","{blue=965, green=965, red=965, nir=965, swir1=965, swir2=965, tir1=936, tir2=936}","{""geodesic"":true,""type"":""Polygon"",""coordinates"":[[[2.8818679999999994,45.499909],[2.8817400000000006,45.492129],[2.89423,45.49203200000001],[2.894705,45.49992400000001],[2.8818679999999994,45.499909]]]}"
LE71970282001353EDC00,0.570001220703125,"{shadow_count=null, cloud_count=null, water_count=null, snow_count=null, lake_SR=null}",0.294,311.0,2001-12-19T10:17:54,353.4291082638889,377.0,"{blue=22.861261008588958, green=11.58719788337576, red=5.558216775443889, nir=2.32431437166047, swir1=0.11355257504656713, swir2=0.025866216409269633, tir1=null, tir2=null}",71.8994255065918,"{lake_TIR=null, bkgd_BT=0.41373619666466344, lake_BT=null, bkgd_TIR=6.1668080406693315}","{blue=965, green=965, red=965, nir=965, swir1=965, swir2=965, tir1=57, tir2=57}","{""geodesic"":true,""type"":""Polygon"",""coordinates"":[[[2.8818679999999994,45.499909],[2.8817400000000006,45.492129],[2.89423,45.49203200000001],[2.894705,45.49992400000001],[2.8818679999999994,45.499909]]]}"
LE71970282002004EDC00,1.25,"{shadow_count=null, cloud_count=null, water_count=null, snow_count=null, lake_SR=null}",0.287,965.0,2002-01-04T10:17:55,4.429117141203704,0.0,"{blue=null, green=null, red=null, nir=null, swir1=null, swir2=null, tir1=null, tir2=null}",71.6953239440918,"{lake_TIR=null, bkgd_BT=null, lake_BT=null, bkgd_TIR=null}","{blue=965, green=965, red=965, nir=965, swir1=202, swir2=937, tir1=0, tir2=0}","{""geodesic"":true,""type"":""Polygon"",""coordinates"":[[[2.8818679999999994,45.499909],[2.8817400000000006,45.492129],[2.89423,45.49203200000001],[2.894705,45.49992400000001],[2.8818679999999994,45.499909]]]}"
LE71970282002020EDC00,1.3,"{shadow_count=null, cloud_count=null, water_count=null, snow_count=null, lake_SR=null}",0.285,965.0,2002-01-20T10:18:06,20.429246828703704,0.0,"{blue=null, green=null, red=null, nir=null, swir1=null, swir2=null, tir1=null, tir2=null}",69.61151695251465,"{lake_TIR=null, bkgd_BT=null, lake_BT=null, bkgd_TIR=null}","{blue=965, green=965, red=965, nir=965, swir1=965, swir2=965, tir1=965, tir2=965}","{""geodesic"":true,""type"":""Polygon"",""coordinates"":[[[2.8818679999999994,45.499909],[2.8817400000000006,45.492129],[2.89423,45.49203200000001],[2.894705,45.49992400000001],[2.8818679999999994,45.499909]]]}"
LE71970282002068EDC00,1.179998779296875,"{shadow_count=0.0, cloud_count=965.0, water_count=0.0, snow_count=0.0, lake_SR={blue=null, green=null, red=null, nir=null, swir1=null, swir2=null}}",0.317,965.0,2002-03-09T10:18:11,68.42929984953703,0.0,"{blue=null, green=null, red=null, nir=null, swir1=null, swir2=null, tir1=null, tir2=null}",54.767478942871094,"{lake_TIR=null, bkgd_BT=null, lake_BT=null, bkgd_TIR=null}","{blue=965, green=965, red=965, nir=965, swir1=965, swir2=965, tir1=965, tir2=965}","{""geodesic"":true,""type"":""Polygon"",""coordinates"":[[[2.8818679999999994,45.499909],[2.8817400000000006,45.492129],[2.89423,45.49203200000001],[2.894705,45.49992400000001],[2.8818679999999994,45.499909]]]}"
LE71970282002084EDC00,0.55,"{shadow_count=0.0, cloud_count=804.0, water_count=0.0, snow_count=0.0, lake_SR={blue=null, green=null, red=null, nir=null, swir1=null, swir2=null}}",0.338,965.0,2002-03-25T10:18:05,84.4292247800926,0.0,"{blue=null, green=null, red=null, nir=null, swir1=null, swir2=null, tir1=null, tir2=null}",48.46403503417969,"{lake_TIR=null, bkgd_BT=null, lake_BT=null, bkgd_TIR=null}","{blue=965, green=965, red=965, nir=965, swir1=965, swir2=965, tir1=807, tir2=807}","{""geodesic"":true,""type"":""Polygon"",""coordinates"":[[[2.8818679999999994,45.499909],[2.8817400000000006,45.492129],[2.89423,45.49203200000001],[2.894705,45.49992400000001],[2.8818679999999994,45.499909]]]}"
LE71970282002100EDC00,0.729998779296875,"{shadow_count=0.0, cloud_count=965.0, water_count=0.0, snow_count=0.0, lake_SR={blue=null, green=null, red=null, nir=null, swir1=null, swir2=null}}",0.437,965.0,2002-04-10T10:18:05,100.42922732638888,0.0,"{blue=null, green=null, red=null, nir=null, swir1=null, swir2=null, tir1=null, tir2=null}",42.336944580078125,"{lake_TIR=null, bkgd_BT=null, lake_BT=null, bkgd_TIR=null}","{blue=965, green=965, red=965, nir=965, swir1=965, swir2=965, tir1=965, tir2=965}","{""geodesic"":true,""type"":""Polygon"",""coordinates"":[[[2.8818679999999994,45.499909],[2.8817400000000006,45.492129],[2.89423,45.49203200000001],[2.894705,45.49992400000001],[2.8818679999999994,45.499909]]]}"
LE71970282002116EDC00,2.6,"{shadow_count=null, cloud_count=null, water_count=null, snow_count=null, lake_SR=null}",0.331,965.0,2002-04-26T10:18:03,116.42920989583334,0.0,"{blue=null, green=null, red=null, nir=null, swir1=null, swir2=null, tir1=null, tir2=null}",36.88393020629883,"{lake_TIR=null, bkgd_BT=null, lake_BT=null, bkgd_TIR=null}","{blue=965, green=965, red=965, nir=965, swir1=965, swir2=965, tir1=965, tir2=965}","{""geodesic"":true,""type"":""Polygon"",""coordinates"":[[[2.8818679999999994,45.499909],[2.8817400000000006,45.492129],[2.89423,45.49203200000001],[2.894705,45.49992400000001],[2.8818679999999994,45.499909]]]}"
LE71970282002148EDC00,2.079998779296875,"{shadow_count=0.0, cloud_count=965.0, water_count=0.0, snow_count=0.0, lake_SR={blue=null, green=null, red=null, nir=null, swir1=null, swir2=null}}",0.352,965.0,2002-05-28T10:17:52,148.42908481481481,0.0,"{blue=null, green=null, red=null, nir=null, swir1=null, swir2=null, tir1=null, tir2=null}",29.747028350830078,"{lake_TIR=null, bkgd_BT=null, lake_BT=null, bkgd_TIR=null}","{blue=965, green=965, red=965, nir=965, swir1=965, swir2=965, tir1=965, tir2=965}","{""geodesic"":true,""type"":""Polygon"",""coordinates"":[[[2.8818679999999994,45.499909],[2.8817400000000006,45.492129],[2.89423,45.49203200000001],[2.894705,45.49992400000001],[2.8818679999999994,45.499909]]]}"
LE71970282002164EDC00,2.3600006103515625,"{shadow_count=0.0, cloud_count=0.0, water_count=180.0, snow_count=0.0, lake_SR={blue=0.02064944444444443, green=0.01708111111111113, red=0.0033638888888888837, nir=0.01817555555555557, swir1=0.004817777777777782, swir2=0.002208888888888893}}",0.345,509.0,2002-06-13T10:17:47,164.42902077546296,0.0,"{blue=null, green=null, red=null, nir=null, swir1=null, swir2=null, tir1=null, tir2=null}",28.582595825195312,"{lake_TIR=null, bkgd_BT=23.06348860154458, lake_BT=null, bkgd_TIR=8.867215058066899}","{blue=965, green=965, red=965, nir=965, swir1=965, swir2=965, tir1=965, tir2=965}","{""geodesic"":true,""type"":""Polygon"",""coordinates"":[[[2.8818679999999994,45.499909],[2.8817400000000006,45.492129],[2.89423,45.49203200000001],[2.894705,45.49992400000001],[2.8818679999999994,45.499909]]]}"
LE71970282002228EDC00,2.3600006103515625,"{shadow_count=0.0, cloud_count=50.0, water_count=334.0, snow_count=0.0, lake_SR={blue=0.025414371257485004, green=0.02123652694610777, red=0.005735928143712543, nir=0.01875299401197605, swir1=0.005186227544910151, swir2=0.002786227544910168}}",0.314,509.0,2002-08-16T10:17:26,228.42877372685186,13.0,"{blue=40.64421618901766, green=23.463537028202644, red=9.967504868140587, nir=5.562204837799072, swir1=0.3398789522739557, swir2=0.061962415965703815, tir1=7.998788671997877, tir2=8.007995105420168}",37.45853805541992,"{lake_TIR=7.998788671997877, bkgd_BT=22.34872909105356, lake_BT=16.284282977764423, bkgd_TIR=8.774406826907438}","{blue=965, green=965, red=965, nir=965, swir1=965, swir2=965, tir1=965, tir2=965}","{""geodesic"":true,""type"":""Polygon"",""coordinates"":[[[2.8818679999999994,45.499909],[2.8817400000000006,45.492129],[2.89423,45.49203200000001],[2.894705,45.49992400000001],[2.8818679999999994,45.499909]]]}"
LE71970282002276EDC00,2.4600006103515626,"{shadow_count=211.0, cloud_count=288.0, water_count=0.0, snow_count=0.0, lake_SR={blue=null, green=null, red=null, nir=null, swir1=null, swir2=null}}",0.252,521.0,2002-10-03T10:16:59,276.42846104166665,0.0,"{blue=null, green=null, red=null, nir=null, swir1=null, swir2=null, tir1=null, tir2=null}",52.7254753112793,"{lake_TIR=null, bkgd_BT=9.272003173828125, lake_BT=null, bkgd_TIR=7.155905564626058}","{blue=965, green=965, red=965, nir=965, swir1=965, swir2=965, tir1=965, tir2=965}","{""geodesic"":true,""type"":""Polygon"",""coordinates"":[[[2.8818679999999994,45.499909],[2.8817400000000006,45.492129],[2.89423,45.49203200000001],[2.894705,45.49992400000001],[2.8818679999999994,45.499909]]]}"
LE71970282003007EDC00,0.329998779296875,"{shadow_count=null, cloud_count=null, water_count=null, snow_count=null, lake_SR=null}",0.313,360.0,2003-01-07T10:17:34,7.428869236111111,142.0,"{blue=80.27443605409542, green=52.4988850212433, red=14.381390289521553, nir=0.9327020876004662, swir1=null, swir2=null, tir1=null, tir2=null}",71.48971748352051,"{lake_TIR=null, bkgd_BT=null, lake_BT=null, bkgd_TIR=null}","{blue=965, green=965, red=965, nir=519, swir1=0, swir2=0, tir1=0, tir2=0}","{""geodesic"":true,""type"":""Polygon"",""coordinates"":[[[2.8818679999999994,45.499909],[2.8817400000000006,45.492129],[2.89423,45.49203200000001],[2.894705,45.49992400000001],[2.8818679999999994,45.499909]]]}"
LE71970282003039SGS00,1.070001220703125,"{shadow_count=null, cloud_count=null, water_count=null, snow_count=null, lake_SR=null}",0.32,923.0,2003-02-08T10:17:54,39.42910543981481,0.0,"{blue=null, green=null, red=null, nir=null, swir1=null, swir2=null, tir1=null, tir2=null}",65.05300521850586,"{lake_TIR=null, bkgd_BT=-2.728851318359375, lake_BT=null, bkgd_TIR=5.8365354761481285}","{blue=965, green=965, red=965, nir=965, swir1=965, swir2=965, tir1=669, tir2=669}","{""geodesic"":true,""type"":""Polygon"",""coordinates"":[[[2.8818679999999994,45.499909],[2.8817400000000006,45.492129],[2.89423,45.49203200000001],[2.894705,45.49992400000001],[2.8818679999999994,45.499909]]]}"
LE71970282003055EDC00,0.970001220703125,"{shadow_count=null, cloud_count=null, water_count=null, snow_count=null, lake_SR=null}",0.338,885.0,2003-02-24T10:17:54,55.42910851851852,0.0,"{blue=null, green=null, red=null, nir=null, swir1=null, swir2=null, tir1=null, tir2=null}",59.76463508605957,"{lake_TIR=null, bkgd_BT=null, lake_BT=null, bkgd_TIR=null}","{blue=965, green=965, red=965, nir=965, swir1=858, swir2=965, tir1=0, tir2=0}","{""geodesic"":true,""type"":""Polygon"",""coordinates"":[[[2.8818679999999994,45.499909],[2.8817400000000006,45.492129],[2.89423,45.49203200000001],[2.894705,45.49992400000001],[2.8818679999999994,45.499909]]]}"
LE71970282003071EDC00,1.3100006103515625,"{shadow_count=244.0, cloud_count=507.0, water_count=17.0, snow_count=37.0, lake_SR={blue=0.1464176470588235, green=0.12271764705882349, red=0.10017058823529408, nir=0.07793529411764706, swir1=0.02259999999999999, swir2=0.016452941176470587}}",0.307,902.0,2003-03-12T10:18:00,71.42917112268519,0.0,"{blue=null, green=null, red=null, nir=null, swir1=null, swir2=null, tir1=null, tir2=null}",53.704132080078125,"{lake_TIR=null, bkgd_BT=null, lake_BT=null, bkgd_TIR=null}","{blue=965, green=965, red=965, nir=965, swir1=965, swir2=965, tir1=831, tir2=831}","{""geodesic"":true,""type"":""Polygon"",""coordinates"":[[[2.8818679999999994,45.499909],[2.8817400000000006,45.492129],[2.89423,45.49203200000001],[2.894705,45.49992400000001],[2.8818679999999994,45.499909]]]}"
LE71970282003087MTI00,2.1,"{shadow_count=null, cloud_count=null, water_count=null, snow_count=null, lake_SR=null}",0.362,965.0,2003-03-28T10:17:56,87.42912275462963,0.0,"{blue=null, green=null, red=null, nir=null, swir1=null, swir2=null, tir1=null, tir2=null}",47.37731170654297,"{lake_TIR=null, bkgd_BT=null, lake_BT=null, bkgd_TIR=null}","{blue=965, green=965, red=965, nir=965, swir1=283, swir2=962, tir1=0, tir2=0}","{""geodesic"":true,""type"":""Polygon"",""coordinates"":[[[2.8818679999999994,45.499909],[2.8817400000000006,45.492129],[2.89423,45.49203200000001],[2.894705,45.49992400000001],[2.8818679999999994,45.499909]]]}"
LE71970282003103EDC00,1.3899993896484375,"{shadow_count=0.0, cloud_count=951.0, water_count=0.0, snow_count=0.0, lake_SR={blue=null, green=null, red=null, nir=null, swir1=null, swir2=null}}",0.342,965.0,2003-04-13T10:18:01,103.42918650462963,0.0,"{blue=null, green=null, red=null, nir=null, swir1=null, swir2=null, tir1=null, tir2=null}",41.325870513916016,"{lake_TIR=null, bkgd_BT=null, lake_BT=null, bkgd_TIR=null}","{blue=965, green=965, red=965, nir=965, swir1=965, swir2=965, tir1=953, tir2=953}","{""geodesic"":true,""type"":""Polygon"",""coordinates"":[[[2.8818679999999994,45.499909],[2.8817400000000006,45.492129],[2.89423,45.49203200000001],[2.894705,45.49992400000001],[2.8818679999999994,45.499909]]]}"
LE71970282003135ASN00,0.970001220703125,"{shadow_count=0.0, cloud_count=965.0, water_count=0.0, snow_count=0.0, lake_SR={blue=null, green=null, red=null, nir=null, swir1=null, swir2=null}}",0.382,910.0,2003-05-15T10:17:58,135.42915033564816,0.0,"{blue=null, green=null, red=null, nir=null, swir1=null, swir2=null, tir1=null, tir2=null}",31.956275939941406,"{lake_TIR=null, bkgd_BT=null, lake_BT=null, bkgd_TIR=null}","{blue=965, green=965, red=965, nir=965, swir1=965, swir2=965, tir1=965, tir2=965}","{""geodesic"":true,""type"":""Polygon"",""coordinates"":[[[2.8818679999999994,45.499909],[2.8817400000000006,45.492129],[2.89423,45.49203200000001],[2.894705,45.49992400000001],[2.8818679999999994,45.499909]]]}"
LE71970282003151ASN00,2.4100006103515623,"{shadow_count=0.0, cloud_count=965.0, water_count=0.0, snow_count=0.0, lake_SR={blue=null, green=null, red=null, nir=null, swir1=null, swir2=null}}",0.315,965.0,2003-05-31T10:17:57,151.42914336805555,0.0,"{blue=null, green=null, red=null, nir=null, swir1=null, swir2=null, tir1=null, tir2=null}",29.41271209716797,"{lake_TIR=null, bkgd_BT=null, lake_BT=null, bkgd_TIR=null}","{blue=965, green=965, red=965, nir=965, swir1=965, swir2=965, tir1=965, tir2=965}","{""geodesic"":true,""type"":""Polygon"",""coordinates"":[[[2.8818679999999994,45.499909],[2.8817400000000006,45.492129],[2.89423,45.49203200000001],[2.894705,45.49992400000001],[2.8818679999999994,45.499909]]]}"
LE71970282003215EDC02,2.6,"{shadow_count=0.0, cloud_count=0.0, water_count=258.0, snow_count=0.0, lake_SR={blue=0.026224806201550366, green=0.02109573643410854, red=0.00792519379844959, nir=0.019685658914728694, swir1=0.005928682170542639, swir2=0.002986046511627906}}",0.312,245.0,2003-08-03T10:17:40,215.42894293981482,8.0,"{blue=40.913780093193054, green=23.35600371658802, red=9.919685363769531, nir=5.562204837799072, swir1=0.3568701706826687, swir2=0.05605311878025532, tir1=8.59667047964675, tir2=8.610629862440485}",34.22769546508789,"{lake_TIR=8.58708667755127, bkgd_BT=28.98238065937788, lake_BT=20.93157958984375, bkgd_TIR=9.664928449750827}","{blue=647, green=643, red=643, nir=638, swir1=626, swir2=627, tir1=460, tir2=460}","{""geodesic"":true,""type"":""Polygon"",""coordinates"":[[[2.8818679999999994,45.499909],[2.8817400000000006,45.492129],[2.89423,45.49203200000001],[2.894705,45.49992400000001],[2.8818679999999994,45.499909]]]}"
LE71970282003263EDC01,1.5709991455078125,"{shadow_count=0.0, cloud_count=0.0, water_count=277.0, snow_count=0.0, lake_SR={blue=0.021184476534296035, green=0.014150180505415166, red=0.003338628158844765, nir=0.012871480144404323, swir1=0.004681588447653425, swir2=0.0024566787003610013}}",0.287,305.0,2003-09-20T10:17:28,263.4288037384259,96.0,"{blue=33.19127343098322, green=17.70602430216968, red=7.387742231289546, nir=3.969984351967772, swir1=0.2359088777254025, swir2=0.039134238148108125, tir1=7.908533522936826, tir2=7.911823279301946}",48.11814880371094,"{lake_TIR=7.908553489191192, bkgd_BT=20.58219879409747, lake_BT=15.555084228515625, bkgd_TIR=8.54641660520274}","{blue=646, green=645, red=640, nir=638, swir1=633, swir2=638, tir1=636, tir2=636}","{""geodesic"":true,""type"":""Polygon"",""coordinates"":[[[2.8818679999999994,45.499909],[2.8817400000000006,45.492129],[2.89423,45.49203200000001],[2.894705,45.49992400000001],[2.8818679999999994,45.499909]]]}"
LE71970282003311EDC01,0.6100006103515625,"{shadow_count=null, cloud_count=null, water_count=null, snow_count=null, lake_SR=null}",0.282,254.0,2003-11-07T10:17:42,311.4289656712963,22.0,"{blue=26.613278833302584, green=14.151431549679149, red=6.811417579650879, nir=3.1878489066254008, swir1=0.21570252901629397, swir2=0.04045790590737995, tir1=null, tir2=null}",64.17641639709473,"{lake_TIR=null, bkgd_BT=6.002556434044471, lake_BT=null, bkgd_TIR=6.780908590325942}","{blue=518, green=514, red=511, nir=509, swir1=498, swir2=501, tir1=80, tir2=80}","{""geodesic"":true,""type"":""Polygon"",""coordinates"":[[[2.8818679999999994,45.499909],[2.8817400000000006,45.492129],[2.89423,45.49203200000001],[2.894705,45.49992400000001],[2.8818679999999994,45.499909]]]}"
LE71970282003343ASN01,0.6899993896484375,"{shadow_count=0.0, cloud_count=0.0, water_count=44.0, snow_count=71.0, lake_SR={blue=0.05247954545454545, green=0.03524999999999999, red=0.01850454545454546, nir=0.021659090909090916, swir1=0.004963636363636364, swir2=0.001952272727272727}}",0.329,241.0,2003-12-09T10:17:59,343.42916649305556,122.0,"{blue=25.677281895621878, green=13.400232269138586, red=6.607596741348017, nir=2.844607538375698, swir1=0.07965453055279315, swir2=0.015692688771023238, tir1=6.465031129357062, tir2=6.454434290332229}",71.01717758178711,"{lake_TIR=6.465031129357062, bkgd_BT=-2.507784636124321, lake_BT=3.1673696417557564, bkgd_TIR=5.868620378815609}","{blue=536, green=535, red=531, nir=528, swir1=525, swir2=529, tir1=174, tir2=174}","{""geodesic"":true,""type"":""Polygon"",""coordinates"":[[[2.8818679999999994,45.499909],[2.8817400000000006,45.492129],[2.89423,45.49203200000001],[2.894705,45.49992400000001],[2.8818679999999994,45.499909]]]}"
LE71970282004106EDC02,1.25,"{shadow_count=0.0, cloud_count=272.0, water_count=0.0, snow_count=0.0, lake_SR={blue=null, green=null, red=null, nir=null, swir1=null, swir2=null}}",0.387,650.0,2004-04-15T10:18:25,106.42946634259259,0.0,"{blue=null, green=null, red=null, nir=null, swir1=null, swir2=null, tir1=null, tir2=null}",40.30409622192383,"{lake_TIR=null, bkgd_BT=-8.20272445678711, lake_BT=null, bkgd_TIR=5.287263818550855}","{blue=659, green=656, red=651, nir=650, swir1=637, swir2=641, tir1=281, tir2=281}","{""geodesic"":true,""type"":""Polygon"",""coordinates"":[[[2.8818679999999994,45.499909],[2.8817400000000006,45.492129],[2.89423,45.49203200000001],[2.894705,45.49992400000001],[2.8818679999999994,45.499909]]]}"
LE71970282004138ASN01,1.4209991455078126,"{shadow_count=0.0, cloud_count=0.0, water_count=159.0, snow_count=0.0, lake_SR={blue=0.02506100628930819, green=0.021966666666666666, red=0.008054716981132066, nir=0.019218238993710716, swir1=0.006388679245283028, swir2=0.003598742138364785}}",0.356,273.0,2004-05-17T10:18:27,138.42948240740742,1.0,"{blue=41.028345823287964, green=25.055906891822815, red=11.022834300994873, nir=5.562204837799072, swir1=0.5297637730836868, swir2=-0.017519712448120117, tir1=7.4466142281889915, tir2=7.404133819043636}",31.353893280029297,"{lake_TIR=null, bkgd_BT=25.641702285179726, lake_BT=null, bkgd_TIR=9.211508244849169}","{blue=528, green=524, red=520, nir=519, swir1=507, swir2=508, tir1=499, tir2=499}","{""geodesic"":true,""type"":""Polygon"",""coordinates"":[[[2.8818679999999994,45.499909],[2.8817400000000006,45.492129],[2.89423,45.49203200000001],[2.894705,45.49992400000001],[2.8818679999999994,45.499909]]]}"
LE71970282004170ASN01,1.7899993896484374,"{shadow_count=0.0, cloud_count=0.0, water_count=129.0, snow_count=0.0, lake_SR={blue=0.02048062015503873, green=0.016703875968992265, red=0.003544961240310076, nir=0.01675968992248061, swir1=0.00403023255813954, swir2=0.002650387596899221}}",0.337,262.0,2004-06-18T10:18:17,170.4293641898148,2.0,"{blue=41.028345823287964, green=23.84606432914734, red=9.137794971466064, nir=5.562204837799072, swir1=0.14732281863689423, swir2=0.08222437649965286, tir1=7.916220530867577, tir2=7.924999952316284}",28.495281219482422,"{lake_TIR=7.916220530867577, bkgd_BT=23.60550112840606, lake_BT=15.617462158203125, bkgd_TIR=8.938473275113033}","{blue=534, green=533, red=530, nir=527, swir1=512, swir2=516, tir1=466, tir2=466}","{""geodesic"":true,""type"":""Polygon"",""coordinates"":[[[2.8818679999999994,45.499909],[2.8817400000000006,45.492129],[2.89423,45.49203200000001],[2.894705,45.49992400000001],[2.8818679999999994,45.499909]]]}"
LE71970282004186ASN01,2.330000305175781,"{shadow_count=0.0, cloud_count=0.0, water_count=0.0, snow_count=0.0, lake_SR={blue=null, green=null, red=null, nir=null, swir1=null, swir2=null}}",0.306,337.0,2004-07-04T10:18:16,186.4293579861111,0.0,"{blue=null, green=null, red=null, nir=null, swir1=null, swir2=null, tir1=null, tir2=null}",29.41065216064453,"{lake_TIR=null, bkgd_BT=21.751199689804782, lake_BT=null, bkgd_TIR=8.696449285404816}","{blue=526, green=520, red=518, nir=513, swir1=505, swir2=509, tir1=494, tir2=494}","{""geodesic"":true,""type"":""Polygon"",""coordinates"":[[[2.8818679999999994,45.499909],[2.8817400000000006,45.492129],[2.89423,45.49203200000001],[2.894705,45.49992400000001],[2.8818679999999994,45.499909]]]}"
LE71970282004250ASN01,2.3800003051757814,"{shadow_count=9.0, cloud_count=468.0, water_count=0.0, snow_count=0.0, lake_SR={blue=null, green=null, red=null, nir=null, swir1=null, swir2=null}}",0.294,421.0,2004-09-06T10:17:58,250.42914453703705,0.0,"{blue=null, green=null, red=null, nir=null, swir1=null, swir2=null, tir1=null, tir2=null}",43.70636749267578,"{lake_TIR=null, bkgd_BT=18.028643270177167, lake_BT=null, bkgd_TIR=8.222072104828095}","{blue=527, green=524, red=521, nir=516, swir1=506, swir2=510, tir1=499, tir2=499}","{""geodesic"":true,""type"":""Polygon"",""coordinates"":[[[2.8818679999999994,45.499909],[2.8817400000000006,45.492129],[2.89423,45.49203200000001],[2.894705,45.49992400000001],[2.8818679999999994,45.499909]]]}"
LE71970282004266ASN01,2.3800003051757814,"{shadow_count=0.0, cloud_count=0.0, water_count=255.0, snow_count=0.0, lake_SR={blue=0.0226956862745098, green=0.01731058823529408, red=0.00479843137254902, nir=0.013883529411764685, swir1=0.004694901960784315, swir2=0.002715294117647057}}",0.268,202.0,2004-09-22T10:17:52,266.4290830787037,138.0,"{blue=33.97831738167915, green=19.234635430833567, red=8.297723096349966, nir=4.501603455647178, swir1=0.2845344587819267, swir2=0.05747584315170919, tir1=7.5946307272192035, tir2=7.592519642755626}",49.043216705322266,"{lake_TIR=7.5946307272192035, bkgd_BT=15.345847041432451, lake_BT=12.979037088061135, bkgd_TIR=7.886440618990398}","{blue=569, green=567, red=566, nir=562, swir1=548, swir2=550, tir1=536, tir2=536}","{""geodesic"":true,""type"":""Polygon"",""coordinates"":[[[2.8818679999999994,45.499909],[2.8817400000000006,45.492129],[2.89423,45.49203200000001],[2.894705,45.49992400000001],[2.8818679999999994,45.499909]]]}"
LE71970282004298ASN00,2.35,"{shadow_count=0.0, cloud_count=0.0, water_count=104.0, snow_count=0.0, lake_SR={blue=0.031069230769230745, green=0.023557692307692314, red=0.011953846153846164, nir=0.02257115384615383, swir1=0.011132692307692314, swir2=0.005699999999999993}}",0.288,267.0,2004-10-24T10:18:01,298.4291869212963,4.0,"{blue=30.011417746543884, green=16.366338461637497, red=7.588484525680542, nir=3.856692850589752, swir1=0.29375993087887764, swir2=0.0999507550150156, tir1=null, tir2=null}",60.043880462646484,"{lake_TIR=null, bkgd_BT=15.00313008626302, lake_BT=null, bkgd_TIR=7.840934441073073}","{blue=654, green=649, red=648, nir=643, swir1=638, swir2=641, tir1=233, tir2=233}","{""geodesic"":true,""type"":""Polygon"",""coordinates"":[[[2.8818679999999994,45.499909],[2.8817400000000006,45.492129],[2.89423,45.49203200000001],[2.894705,45.49992400000001],[2.8818679999999994,45.499909]]]}"
LE71970282004314ASN00,0.85,"{shadow_count=null, cloud_count=null, water_count=null, snow_count=null, lake_SR=null}",0.298,507.0,2004-11-09T10:18:12,314.4293056134259,0.0,"{blue=null, green=null, red=null, nir=null, swir1=null, swir2=null, tir1=null, tir2=null}",64.94877052307129,"{lake_TIR=null, bkgd_BT=-15.741570608956474, lake_BT=null, bkgd_TIR=4.584252002338569}","{blue=520, green=515, red=511, nir=507, swir1=497, swir2=499, tir1=214, tir2=214}","{""geodesic"":true,""type"":""Polygon"",""coordinates"":[[[2.8818679999999994,45.499909],[2.8817400000000006,45.492129],[2.89423,45.49203200000001],[2.894705,45.49992400000001],[2.8818679999999994,45.499909]]]}"
LE71970282004330ASN00,0.629998779296875,"{shadow_count=null, cloud_count=null, water_count=null, snow_count=null, lake_SR=null}",0.233,227.0,2004-11-25T10:18:19,330.42939244212965,145.0,"{blue=23.300825750416724, green=12.369489482353474, red=5.71387750691381, nir=2.5639288137698997, swir1=0.18821349534495124, swir2=0.04053757493865901, tir1=null, tir2=null}",68.84497261047363,"{lake_TIR=null, bkgd_BT=6.919181823730469, lake_BT=null, bkgd_TIR=6.885961805603334}","{blue=616, green=616, red=611, nir=607, swir1=608, swir2=612, tir1=24, tir2=24}","{""geodesic"":true,""type"":""Polygon"",""coordinates"":[[[2.8818679999999994,45.499909],[2.8817400000000006,45.492129],[2.89423,45.49203200000001],[2.894705,45.49992400000001],[2.8818679999999994,45.499909]]]}"
LE71970282004346ASN00,0.7399993896484375,"{shadow_count=null, cloud_count=null, water_count=null, snow_count=null, lake_SR=null}",0.291,193.0,2004-12-11T10:18:26,346.42947555555554,71.0,"{blue=22.35015004117724, green=11.556548688613193, red=5.769491195678711, nir=2.4600254599477203, swir1=0.15540286669364342, swir2=0.035767089914191856, tir1=null, tir2=null}",71.30508995056152,"{lake_TIR=null, bkgd_BT=3.7647972106933594, lake_BT=null, bkgd_TIR=6.53255910333246}","{blue=515, green=511, red=506, nir=505, swir1=412, swir2=496, tir1=0, tir2=0}","{""geodesic"":true,""type"":""Polygon"",""coordinates"":[[[2.8818679999999994,45.499909],[2.8817400000000006,45.492129],[2.89423,45.49203200000001],[2.894705,45.49992400000001],[2.8818679999999994,45.499909]]]}"
LE71970282005012ASN00,1.620001220703125,"{shadow_count=null, cloud_count=null, water_count=null, snow_count=null, lake_SR=null}",0.272,585.0,2005-01-12T10:18:39,12.429627824074075,0.0,"{blue=null, green=null, red=null, nir=null, swir1=null, swir2=null, tir1=null, tir2=null}",70.80481147766113,"{lake_TIR=null, bkgd_BT=-7.812770843505859, lake_BT=null, bkgd_TIR=5.325000039301813}","{blue=595, green=593, red=590, nir=585, swir1=475, swir2=592, tir1=0, tir2=0}","{""geodesic"":true,""type"":""Polygon"",""coordinates"":[[[2.8818679999999994,45.499909],[2.8817400000000006,45.492129],[2.89423,45.49203200000001],[2.894705,45.49992400000001],[2.8818679999999994,45.499909]]]}"
LE71970282005060ASN00,0.3100006103515625,"{shadow_count=0.0, cloud_count=46.0, water_count=30.0, snow_count=380.0, lake_SR={blue=0.1641, green=0.10212000000000004, red=0.06995333333333333, nir=0.06923666666666667, swir1=0.005823333333333337, swir2=0.0037399999999999994}}",0.329,469.0,2005-03-01T10:18:56,60.42982393518518,0.0,"{blue=null, green=null, red=null, nir=null, swir1=null, swir2=null, tir1=null, tir2=null}",57.644744873046875,"{lake_TIR=null, bkgd_BT=-9.984733581542969, lake_BT=null, bkgd_TIR=5.115354368463159}","{blue=523, green=520, red=515, nir=514, swir1=501, swir2=506, tir1=499, tir2=499}","{""geodesic"":true,""type"":""Polygon"",""coordinates"":[[[2.8818679999999994,45.499909],[2.8817400000000006,45.492129],[2.89423,45.49203200000001],[2.894705,45.49992400000001],[2.8818679999999994,45.499909]]]}"
LE71970282005220EDC00,1.129998779296875,"{shadow_count=0.0, cloud_count=0.0, water_count=118.0, snow_count=0.0, lake_SR={blue=0.028610169491525436, green=0.023708474576271156, red=0.008837288135593223, nir=0.019750847457627122, swir1=0.006139830508474577, swir2=0.0036805084745762696}}",0.324,318.0,2005-08-08T10:18:38,220.42960659722223,11.0,"{blue=40.09964264522899, green=23.156298995018005, red=9.524087645790793, nir=5.474087444218722, swir1=0.30427830417950946, swir2=0.08166007325053215, tir1=7.99672446846962, tir2=7.991968455165624}",35.409080505371094,"{lake_TIR=7.99672446846962, bkgd_BT=20.951379595152495, lake_BT=16.26806640625, bkgd_TIR=8.594338138428824}","{blue=523, green=518, red=515, nir=511, swir1=503, swir2=505, tir1=494, tir2=494}","{""geodesic"":true,""type"":""Polygon"",""coordinates"":[[[2.8818679999999994,45.499909],[2.8817400000000006,45.492129],[2.89423,45.49203200000001],[2.894705,45.49992400000001],[2.8818679999999994,45.499909]]]}"
LE71970282005268EDC00,2.730000305175781,"{shadow_count=0.0, cloud_count=626.0, water_count=0.0, snow_count=0.0, lake_SR={blue=null, green=null, red=null, nir=null, swir1=null, swir2=null}}",0.272,654.0,2005-09-25T10:18:20,268.42940234953704,0.0,"{blue=null, green=null, red=null, nir=null, swir1=null, swir2=null, tir1=null, tir2=null}",49.96364212036133,"{lake_TIR=null, bkgd_BT=-21.118581025496773, lake_BT=null, bkgd_TIR=4.11707637410449}","{blue=665, green=661, red=659, nir=654, swir1=648, swir2=652, tir1=644, tir2=644}","{""geodesic"":true,""type"":""Polygon"",""coordinates"":[[[2.8818679999999994,45.499909],[2.8817400000000006,45.492129],[2.89423,45.49203200000001],[2.894705,45.49992400000001],[2.8818679999999994,45.499909]]]}"
LE71970282005300ASN00,1.8709991455078125,"{shadow_count=0.0, cloud_count=0.0, water_count=0.0, snow_count=0.0, lake_SR={blue=null, green=null, red=null, nir=null, swir1=null, swir2=null}}",0.2805175438596491,208.0,2005-10-27T10:18:33,300.4295540625,107.0,"{blue=30.159205476814343, green=16.485246494551685, red=7.525822086868999, nir=3.557737816717023, swir1=0.18174250453710555, swir2=0.04831797002565743, tir1=null, tir2=null}",60.91831398010254,"{lake_TIR=null, bkgd_BT=14.075592041015625, lake_BT=null, bkgd_TIR=7.727539427112788}","{blue=512, green=509, red=504, nir=503, swir1=492, swir2=494, tir1=39, tir2=39}","{""geodesic"":true,""type"":""Polygon"",""coordinates"":[[[2.8818679999999994,45.499909],[2.8817400000000006,45.492129],[2.89423,45.49203200000001],[2.894705,45.49992400000001],[2.8818679999999994,45.499909]]]}"
LE71970282006015ASN00,0.65,"{shadow_count=0.0, cloud_count=0.0, water_count=0.0, snow_count=12.0, lake_SR={blue=null, green=null, red=null, nir=null, swir1=null, swir2=null}}",0.311,494.0,2006-01-15T10:19:08,15.429964930555556,0.0,"{blue=null, green=null, red=null, nir=null, swir1=null, swir2=null, tir1=null, tir2=null}",70.37691307067871,"{lake_TIR=null, bkgd_BT=-4.87332763671875, lake_BT=null, bkgd_TIR=5.617385868231455}","{blue=540, green=536, red=535, nir=534, swir1=519, swir2=520, tir1=13, tir2=13}","{""geodesic"":true,""type"":""Polygon"",""coordinates"":[[[2.8818679999999994,45.499909],[2.8817400000000006,45.492129],[2.89423,45.49203200000001],[2.894705,45.49992400000001],[2.8818679999999994,45.499909]]]}"
LE71970282006111ASN00,1.329998779296875,"{shadow_count=0.0, cloud_count=0.0, water_count=0.0, snow_count=0.0, lake_SR={blue=null, green=null, red=null, nir=null, swir1=null, swir2=null}}",0.363,315.0,2006-04-21T10:19:16,111.43004743055556,0.0,"{blue=null, green=null, red=null, nir=null, swir1=null, swir2=null, tir1=null, tir2=null}",38.340911865234375,"{lake_TIR=null, bkgd_BT=15.353623610276442, lake_BT=null, bkgd_TIR=7.885257477943714}","{blue=575, green=570, red=568, nir=566, swir1=544, swir2=569, tir1=0, tir2=0}","{""geodesic"":true,""type"":""Polygon"",""coordinates"":[[[2.8818679999999994,45.499909],[2.8817400000000006,45.492129],[2.89423,45.49203200000001],[2.894705,45.49992400000001],[2.8818679999999994,45.499909]]]}"
LE71970282006143EDC00,1.1100006103515625,"{shadow_count=0.0, cloud_count=587.0, water_count=0.0, snow_count=0.0, lake_SR={blue=null, green=null, red=null, nir=null, swir1=null, swir2=null}}",0.39,601.0,2006-05-23T10:19:20,143.43009278935185,0.0,"{blue=null, green=null, red=null, nir=null, swir1=null, swir2=null, tir1=null, tir2=null}",30.30303192138672,"{lake_TIR=null, bkgd_BT=-17.899124145507812, lake_BT=null, bkgd_TIR=4.394173260778189}","{blue=610, green=606, red=603, nir=601, swir1=604, swir2=606, tir1=609, tir2=609}","{""geodesic"":true,""type"":""Polygon"",""coordinates"":[[[2.8818679999999994,45.499909],[2.8817400000000006,45.492129],[2.89423,45.49203200000001],[2.894705,45.49992400000001],[2.8818679999999994,45.499909]]]}"
LE71970282006159ASN00,1.1399993896484375,"{shadow_count=0.0, cloud_count=0.0, water_count=70.0, snow_count=0.0, lake_SR={blue=0.045937142857142836, green=0.04592857142857141, red=0.012831428571428568, nir=0.026708571428571404, swir1=0.0073971428571428625, swir2=0.004081428571428573}}",0.34,367.0,2006-06-08T10:19:17,159.43006666666668,7.0,"{blue=52.42800971439907, green=35.1385822892189, red=13.116760798863002, nir=8.470078825950623, swir1=0.46055127893175396, swir2=0.06389198239360537, tir1=7.714960686862469, tir2=7.707086570028748}",28.617191314697266,"{lake_TIR=7.714960686862469, bkgd_BT=22.315977037379735, lake_BT=13.973907470703125, bkgd_TIR=8.773135952598155}","{blue=530, green=525, red=523, nir=518, swir1=509, swir2=513, tir1=499, tir2=499}","{""geodesic"":true,""type"":""Polygon"",""coordinates"":[[[2.8818679999999994,45.499909],[2.8817400000000006,45.492129],[2.89423,45.49203200000001],[2.894705,45.49992400000001],[2.8818679999999994,45.499909]]]}"
LE71970282006191ASN00,2.9899993896484376,"{shadow_count=0.0, cloud_count=0.0, water_count=173.0, snow_count=0.0, lake_SR={blue=0.033771098265895895, green=0.02842832369942196, red=0.004269942196531791, nir=0.01584450867052027, swir1=0.0041057803468208115, swir2=0.002265895953757226}}",0.303,266.0,2006-07-10T10:19:06,191.42993074074073,121.0,"{blue=47.03107372394278, green=28.03503582940614, red=10.171429366119638, nir=6.2991866750165455, swir1=0.3185532393732241, swir2=0.054705384334451275, tir1=8.259785315078316, tir2=8.244058644342603}",29.949390411376953,"{lake_TIR=8.258841455781035, bkgd_BT=24.555890106447944, lake_BT=18.361173357282365, bkgd_TIR=9.06573430296144}","{blue=535, green=533, red=529, nir=528, swir1=512, swir2=515, tir1=505, tir2=505}","{""geodesic"":true,""type"":""Polygon"",""coordinates"":[[[2.8818679999999994,45.499909],[2.8817400000000006,45.492129],[2.89423,45.49203200000001],[2.894705,45.49992400000001],[2.8818679999999994,45.499909]]]}"
LE71970282006207ASN00,3.0699996948242188,"{shadow_count=0.0, cloud_count=0.0, water_count=0.0, snow_count=0.0, lake_SR={blue=null, green=null, red=null, nir=null, swir1=null, swir2=null}}",0.306,248.0,2006-07-26T10:18:57,207.42983292824073,0.0,"{blue=null, green=null, red=null, nir=null, swir1=null, swir2=null, tir1=null, tir2=null}",32.51393127441406,"{lake_TIR=null, bkgd_BT=25.15037166140207, lake_BT=null, bkgd_TIR=9.142000650734078}","{blue=660, green=658, red=653, nir=651, swir1=637, swir2=641, tir1=37, tir2=37}","{""geodesic"":true,""type"":""Polygon"",""coordinates"":[[[2.8818679999999994,45.499909],[2.8817400000000006,45.492129],[2.89423,45.49203200000001],[2.894705,45.49992400000001],[2.8818679999999994,45.499909]]]}"
LE71970282006303ASN00,1.6,"{shadow_count=0.0, cloud_count=0.0, water_count=324.0, snow_count=0.0, lake_SR={blue=0.028718209876543138, green=0.020513888888888866, red=0.006460493827160478, nir=0.012467592592592605, swir1=0.004232407407407434, swir2=0.002472839506172835}}",0.22,236.0,2006-10-30T10:18:59,303.42985444444446,255.0,"{blue=27.39694874052908, green=14.902718326624703, red=6.158693599700928, nir=2.9810945894203935, swir1=0.13382490259759566, swir2=0.027854069190866807, tir1=7.338486390429384, tir2=7.335414505662287}",61.78541946411133,"{lake_TIR=7.338486390429384, bkgd_BT=10.668285308013091, lake_BT=10.83116574754902, bkgd_TIR=7.319874921018207}","{blue=651, green=648, red=646, nir=640, swir1=638, swir2=644, tir1=633, tir2=633}","{""geodesic"":true,""type"":""Polygon"",""coordinates"":[[[2.8818679999999994,45.499909],[2.8817400000000006,45.492129],[2.89423,45.49203200000001],[2.894705,45.49992400000001],[2.8818679999999994,45.499909]]]}"
LE71970282006319ASN00,1.3,"{shadow_count=0.0, cloud_count=0.0, water_count=249.0, snow_count=1.0, lake_SR={blue=0.03285100401606423, green=0.023504819277108468, red=0.010479919678714878, nir=0.01563172690763052, swir1=0.006700401606425697, swir2=0.0034321285140562403}}",0.288,235.0,2006-11-15T10:19:12,319.4300013888889,105.0,"{blue=25.218094800767446, green=13.660342182431902, red=5.969133622305733, nir=2.741675989968436, swir1=0.1684410261256354, swir2=0.027519655227661134, tir1=7.076040547163713, tir2=7.070354296905654}",66.39546966552734,"{lake_TIR=7.076040547163713, bkgd_BT=9.532017208751618, lake_BT=8.587087286086309, bkgd_TIR=7.186957745508827}","{blue=595, green=590, red=590, nir=585, swir1=589, swir2=591, tir1=593, tir2=593}","{""geodesic"":true,""type"":""Polygon"",""coordinates"":[[[2.8818679999999994,45.499909],[2.8817400000000006,45.492129],[2.89423,45.49203200000001],[2.894705,45.49992400000001],[2.8818679999999994,45.499909]]]}"
LE71970282006335ASN00,1.1100006103515625,"{shadow_count=0.0, cloud_count=629.0, water_count=0.0, snow_count=0.0, lake_SR={blue=null, green=null, red=null, nir=null, swir1=null, swir2=null}}",0.263,656.0,2006-12-01T10:19:21,335.43010769675925,0.0,"{blue=null, green=null, red=null, nir=null, swir1=null, swir2=null, tir1=null, tir2=null}",69.8403491973877,"{lake_TIR=null, bkgd_BT=-3.871766994310462, lake_BT=null, bkgd_TIR=5.723363274011923}","{blue=666, green=663, red=658, nir=656, swir1=649, swir2=653, tir1=647, tir2=647}","{""geodesic"":true,""type"":""Polygon"",""coordinates"":[[[2.8818679999999994,45.499909],[2.8817400000000006,45.492129],[2.89423,45.49203200000001],[2.894705,45.49992400000001],[2.8818679999999994,45.499909]]]}"
LE71970282007050ASN00,1.329998779296875,"{shadow_count=null, cloud_count=null, water_count=null, snow_count=null, lake_SR=null}",0.362,471.0,2007-02-19T10:19:43,50.430359386574075,0.0,"{blue=null, green=null, red=null, nir=null, swir1=null, swir2=null, tir1=null, tir2=null}",61.35723686218262,"{lake_TIR=null, bkgd_BT=3.191606903076172, lake_BT=null, bkgd_TIR=6.472181150130927}","{blue=628, green=625, red=621, nir=620, swir1=605, swir2=608, tir1=593, tir2=593}","{""geodesic"":true,""type"":""Polygon"",""coordinates"":[[[2.8818679999999994,45.499909],[2.8817400000000006,45.492129],[2.89423,45.49203200000001],[2.894705,45.49992400000001],[2.8818679999999994,45.499909]]]}"
LE71970282007114ASN00,1.720001220703125,"{shadow_count=291.0, cloud_count=0.0, water_count=115.0, snow_count=0.0, lake_SR={blue=0.0317504347826087, green=0.028620000000000017, red=0.011920869565217401, nir=0.029073913043478235, swir1=0.010743478260869563, swir2=0.006586956521739134}}",0.316,230.0,2007-04-24T10:19:44,114.43038056712963,0.0,"{blue=null, green=null, red=null, nir=null, swir1=null, swir2=null, tir1=null, tir2=null}",37.41020965576172,"{lake_TIR=null, bkgd_BT=23.654928569178427, lake_BT=null, bkgd_TIR=8.94883501651787}","{blue=671, green=667, red=665, nir=661, swir1=651, swir2=653, tir1=644, tir2=644}","{""geodesic"":true,""type"":""Polygon"",""coordinates"":[[[2.8818679999999994,45.499909],[2.8817400000000006,45.492129],[2.89423,45.49203200000001],[2.894705,45.49992400000001],[2.8818679999999994,45.499909]]]}"
LE71970282007130ASN00,1.679998779296875,"{shadow_count=0.0, cloud_count=0.0, water_count=77.0, snow_count=0.0, lake_SR={blue=0.026638961038961028, green=0.025849350649350653, red=0.011237662337662335, nir=0.027583116883116893, swir1=0.008237662337662335, swir2=0.005202597402597399}}",0.317,283.0,2007-05-10T10:19:39,130.43032385416666,0.0,"{blue=null, green=null, red=null, nir=null, swir1=null, swir2=null, tir1=null, tir2=null}",32.90632247924805,"{lake_TIR=null, bkgd_BT=21.450728809064668, lake_BT=null, bkgd_TIR=8.655912125511223}","{blue=544, green=543, red=539, nir=535, swir1=524, swir2=529, tir1=515, tir2=515}","{""geodesic"":true,""type"":""Polygon"",""coordinates"":[[[2.8818679999999994,45.499909],[2.8817400000000006,45.492129],[2.89423,45.49203200000001],[2.894705,45.49992400000001],[2.8818679999999994,45.499909]]]}"
LE71970282007258ASN01,2.2,"{shadow_count=0.0, cloud_count=0.0, water_count=290.0, snow_count=0.0, lake_SR={blue=0.024813448275862064, green=0.01877275862068965, red=0.006021724137931041, nir=0.01855999999999998, swir1=0.006495862068965552, swir2=0.0030279310344827532}}",0.281,286.0,2007-09-15T10:19:04,258.42991394675926,15.0,"{blue=35.43965822855632, green=19.813255786895752, red=8.509448528289795, nir=4.592913508415222, swir1=0.31304723223050435, swir2=0.06227555871009827, tir1=7.701543363928795, tir2=7.699291294564803}",46.35256576538086,"{lake_TIR=7.705376884766987, bkgd_BT=16.836482168033424, lake_BT=13.894474574497767, bkgd_TIR=8.071052883264443}","{blue=658, green=657, red=652, nir=650, swir1=643, swir2=647, tir1=640, tir2=640}","{""geodesic"":true,""type"":""Polygon"",""coordinates"":[[[2.8818679999999994,45.499909],[2.8817400000000006,45.492129],[2.89423,45.49203200000001],[2.894705,45.49992400000001],[2.8818679999999994,45.499909]]]}"
LE71970282007306ASN00,2.129998779296875,"{shadow_count=0.0, cloud_count=0.0, water_count=306.0, snow_count=0.0, lake_SR={blue=0.02895915032679739, green=0.020231045751633998, red=0.00876045751633986, nir=0.013087581699346398, swir1=0.005250326797385643, swir2=0.002692483660130726}}",0.254,151.0,2007-11-02T10:19:15,306.43004511574077,238.0,"{blue=27.737365576399476, green=15.043924002837734, red=6.696490031330526, nir=3.015322847276175, swir1=0.1789886540675585, swir2=0.02806112386844232, tir1=6.960236271843314, tir2=6.96611709387421}",62.636587142944336,"{lake_TIR=6.960236271843314, bkgd_BT=9.43681379045759, lake_BT=7.581505245632595, bkgd_TIR=7.176351009096418}","{blue=552, green=550, red=546, nir=546, swir1=532, swir2=534, tir1=524, tir2=524}","{""geodesic"":true,""type"":""Polygon"",""coordinates"":[[[2.8818679999999994,45.499909],[2.8817400000000006,45.492129],[2.89423,45.49203200000001],[2.894705,45.49992400000001],[2.8818679999999994,45.499909]]]}"
LE71970282007322ASN01,0.7209991455078125,"{shadow_count=0.0, cloud_count=0.0, water_count=238.0, snow_count=161.0, lake_SR={blue=0.07925210084033617, green=0.05659075630252106, red=0.04198949579831941, nir=0.041997899159663975, swir1=0.012053781512605043, swir2=0.009687394957983202}}",0.277,209.0,2007-11-18T10:19:24,322.4301485300926,0.0,"{blue=null, green=null, red=null, nir=null, swir1=null, swir2=null, tir1=null, tir2=null}",67.0840835571289,"{lake_TIR=null, bkgd_BT=-3.3767547607421875, lake_BT=null, bkgd_TIR=5.772029115890081}","{blue=548, green=543, red=541, nir=537, swir1=527, swir2=531, tir1=519, tir2=519}","{""geodesic"":true,""type"":""Polygon"",""coordinates"":[[[2.8818679999999994,45.499909],[2.8817400000000006,45.492129],[2.89423,45.49203200000001],[2.894705,45.49992400000001],[2.8818679999999994,45.499909]]]}"
LE71970282007354ASN00,0.4100006103515625,"{shadow_count=0.0, cloud_count=0.0, water_count=398.0, snow_count=140.0, lake_SR={blue=0.09116934673366851, green=0.05580728643216083, red=0.03261231155778887, nir=0.026463316582914422, swir1=0.003115577889447216, swir2=0.0021301507537688285}}",0.305,224.0,2007-12-20T10:19:35,354.43027136574074,265.0,"{blue=28.43483623738559, green=14.99327430050328, red=7.522213910660653, nir=3.1469171935657285, swir1=0.08073310256004333, swir2=0.01708361340581246, tir1=5.824890252469846, tir2=5.823143650099354}",71.85880470275879,"{lake_TIR=5.824890252469846, bkgd_BT=-2.639238679007198, lake_BT=-2.843212199660967, bkgd_TIR=5.847088426770119}","{blue=668, green=665, red=660, nir=658, swir1=651, swir2=656, tir1=650, tir2=650}","{""geodesic"":true,""type"":""Polygon"",""coordinates"":[[[2.8818679999999994,45.499909],[2.8817400000000006,45.492129],[2.89423,45.49203200000001],[2.894705,45.49992400000001],[2.8818679999999994,45.499909]]]}"
LE71970282008021ASN00,1.05,"{shadow_count=0.0, cloud_count=103.0, water_count=166.0, snow_count=93.0, lake_SR={blue=0.06288072289156645, green=0.044412650602409516, red=0.030265060240963877, nir=0.030219879518072357, swir1=0.006870481927710852, swir2=0.004381325301204809}}",0.259,302.0,2008-01-21T10:19:36,21.430287997685184,51.0,"{blue=29.522224304722805, green=15.566945615936728, red=7.899582862854004, nir=3.3047397919729646, swir1=0.13967399954795837, swir2=0.026367686688899994, tir1=6.109074848238379, tir2=6.107394174750273}",69.41108894348145,"{lake_TIR=6.109074848238379, bkgd_BT=4.88312255859375, lake_BT=-0.13901964823404947, bkgd_TIR=6.656333907395601}","{blue=546, green=543, red=538, nir=536, swir1=525, swir2=529, tir1=522, tir2=522}","{""geodesic"":true,""type"":""Polygon"",""coordinates"":[[[2.8818679999999994,45.499909],[2.8817400000000006,45.492129],[2.89423,45.49203200000001],[2.894705,45.49992400000001],[2.8818679999999994,45.499909]]]}"
LE71970282008117ASN00,1.6399993896484375,"{shadow_count=0.0, cloud_count=0.0, water_count=26.0, snow_count=0.0, lake_SR={blue=0.02920384615384616, green=0.02791923076923076, red=0.018119230769230773, nir=0.03461153846153847, swir1=0.023446153846153842, swir2=0.016792307692307697}}",0.31,354.0,2008-04-26T10:19:21,117.4301087962963,0.0,"{blue=null, green=null, red=null, nir=null, swir1=null, swir2=null, tir1=null, tir2=null}",36.59097671508789,"{lake_TIR=null, bkgd_BT=15.069173177083334, lake_BT=null, bkgd_TIR=7.849133916199207}","{blue=553, green=549, red=545, nir=541, swir1=531, swir2=535, tir1=523, tir2=523}","{""geodesic"":true,""type"":""Polygon"",""coordinates"":[[[2.8818679999999994,45.499909],[2.8817400000000006,45.492129],[2.89423,45.49203200000001],[2.894705,45.49992400000001],[2.8818679999999994,45.499909]]]}"
LE71970282008149ASN00,2.230000305175781,"{shadow_count=184.0, cloud_count=173.0, water_count=1.0, snow_count=0.0, lake_SR={blue=0.0432, green=0.0367, red=0.0113, nir=0.0309, swir1=0.012, swir2=0.0093}}",0.332,347.0,2008-05-28T10:19:09,149.42997575231482,0.0,"{blue=null, green=null, red=null, nir=null, swir1=null, swir2=null, tir1=null, tir2=null}",29.564929962158203,"{lake_TIR=null, bkgd_BT=13.649346579968089, lake_BT=null, bkgd_TIR=7.67905517478644}","{blue=551, green=548, red=543, nir=539, swir1=530, swir2=535, tir1=525, tir2=525}","{""geodesic"":true,""type"":""Polygon"",""coordinates"":[[[2.8818679999999994,45.499909],[2.8817400000000006,45.492129],[2.89423,45.49203200000001],[2.894705,45.49992400000001],[2.8818679999999994,45.499909]]]}"
LE71970282008181ASN00,2.4600006103515626,"{shadow_count=1.0, cloud_count=407.0, water_count=4.0, snow_count=0.0, lake_SR={blue=0.032525, green=0.025125, red=0.01285, nir=0.029974999999999998, swir1=0.0075250000000000004, swir2=0.0075}}",0.284,480.0,2008-06-29T10:18:51,181.42976121527778,0.0,"{blue=null, green=null, red=null, nir=null, swir1=null, swir2=null, tir1=null, tir2=null}",28.94925308227539,"{lake_TIR=null, bkgd_BT=22.056339493717054, lake_BT=null, bkgd_TIR=8.745777505019822}","{blue=545, green=542, red=537, nir=535, swir1=523, swir2=528, tir1=519, tir2=519}","{""geodesic"":true,""type"":""Polygon"",""coordinates"":[[[2.8818679999999994,45.499909],[2.8817400000000006,45.492129],[2.89423,45.49203200000001],[2.894705,45.49992400000001],[2.8818679999999994,45.499909]]]}"
LE71970282008197ASN00,2.0100006103515624,"{shadow_count=0.0, cloud_count=0.0, water_count=46.0, snow_count=0.0, lake_SR={blue=0.020276086956521732, green=0.01474782608695653, red=0.0033891304347826103, nir=0.01783695652173912, swir1=0.00452608695652174, swir2=0.0026369565217391295}}",0.305,372.0,2008-07-15T10:18:39,197.4296274074074,3.0,"{blue=40.005249897638954, green=20.759842336177826, red=8.469160397847494, nir=1.0388453006744385, swir1=0.3884252905845642, swir2=0.13287398219108582, tir1=null, tir2=null}",30.779102325439453,"{lake_TIR=null, bkgd_BT=18.874995475591614, lake_BT=null, bkgd_TIR=8.32693102648265}","{blue=539, green=534, red=532, nir=529, swir1=519, swir2=522, tir1=507, tir2=507}","{""geodesic"":true,""type"":""Polygon"",""coordinates"":[[[2.8818679999999994,45.499909],[2.8817400000000006,45.492129],[2.89423,45.49203200000001],[2.894705,45.49992400000001],[2.8818679999999994,45.499909]]]}"
LE71970282008293ASN00,1.029998779296875,"{shadow_count=0.0, cloud_count=0.0, water_count=260.0, snow_count=0.0, lake_SR={blue=0.03076230769230771, green=0.02316, red=0.010114615384615399, nir=0.016553846153846155, swir1=0.005813461538461522, swir2=0.002869999999999996}}",0.276,164.0,2008-10-19T10:18:00,293.4291758912037,217.0,"{blue=29.625636327101887, green=16.404990988392985, red=7.201025338766212, nir=3.7652980259486606, swir1=0.22373761719181423, swir2=0.03238792389066299, tir1=7.216423281608149, tir2=7.195572723097239}",58.41089630126953,"{lake_TIR=7.216423281608149, bkgd_BT=11.617976906025305, lake_BT=9.793825149536133, bkgd_TIR=7.432959430513129}","{blue=623, green=621, red=618, nir=616, swir1=601, swir2=605, tir1=429, tir2=330}","{""geodesic"":true,""type"":""Polygon"",""coordinates"":[[[2.8818679999999994,45.499909],[2.8817400000000006,45.492129],[2.89423,45.49203200000001],[2.894705,45.49992400000001],[2.8818679999999994,45.499909]]]}"
LE71970282009151ASN00,2.0209991455078127,"{shadow_count=192.0, cloud_count=190.0, water_count=2.0, snow_count=0.0, lake_SR={blue=0.030100000000000002, green=0.02885, red=0.00715, nir=0.02555, swir1=0.00865, swir2=0.0031000000000000003}}",0.362,389.0,2009-05-31T10:19:42,151.4303542013889,0.0,"{blue=null, green=null, red=null, nir=null, swir1=null, swir2=null, tir1=null, tir2=null}",29.147762298583984,"{lake_TIR=null, bkgd_BT=16.901819501604354, lake_BT=null, bkgd_TIR=8.081541117014629}","{blue=658, green=654, red=651, nir=648, swir1=645, swir2=647, tir1=650, tir2=650}","{""geodesic"":true,""type"":""Polygon"",""coordinates"":[[[2.8818679999999994,45.499909],[2.8817400000000006,45.492129],[2.89423,45.49203200000001],[2.894705,45.49992400000001],[2.8818679999999994,45.499909]]]}"
LE71970282009167ASN00,1.179998779296875,"{shadow_count=0.0, cloud_count=634.0, water_count=0.0, snow_count=0.0, lake_SR={blue=null, green=null, red=null, nir=null, swir1=null, swir2=null}}",0.309,667.0,2009-06-16T10:19:41,167.4303409722222,0.0,"{blue=null, green=null, red=null, nir=null, swir1=null, swir2=null, tir1=null, tir2=null}",28.30120849609375,"{lake_TIR=null, bkgd_BT=-26.61072871996009, lake_BT=null, bkgd_TIR=3.6795549740933855}","{blue=679, green=675, red=670, nir=667, swir1=658, swir2=663, tir1=652, tir2=652}","{""geodesic"":true,""type"":""Polygon"",""coordinates"":[[[2.8818679999999994,45.499909],[2.8817400000000006,45.492129],[2.89423,45.49203200000001],[2.894705,45.49992400000001],[2.8818679999999994,45.499909]]]}"
LE71970282009183ASN00,2.8899993896484375,"{shadow_count=0.0, cloud_count=0.0, water_count=79.0, snow_count=0.0, lake_SR={blue=0.03517215189873416, green=0.02581012658227846, red=0.008791139240506327, nir=0.027051898734177234, swir1=0.006784810126582273, swir2=0.004641772151898732}}",0.303,345.0,2009-07-02T10:19:38,183.4303102199074,0.0,"{blue=null, green=null, red=null, nir=null, swir1=null, swir2=null, tir1=null, tir2=null}",29.00653076171875,"{lake_TIR=null, bkgd_BT=21.035851690504288, lake_BT=null, bkgd_TIR=8.602693633047036}","{blue=555, green=553, red=549, nir=546, swir1=542, swir2=545, tir1=555, tir2=555}","{""geodesic"":true,""type"":""Polygon"",""coordinates"":[[[2.8818679999999994,45.499909],[2.8817400000000006,45.492129],[2.89423,45.49203200000001],[2.894705,45.49992400000001],[2.8818679999999994,45.499909]]]}"
LE71970282009199ASN00,1.8399993896484375,"{shadow_count=16.0, cloud_count=352.0, water_count=3.0, snow_count=0.0, lake_SR={blue=0.0438, green=0.0353, red=0.012166666666666668, nir=0.0321, swir1=0.009066666666666667, swir2=0.0052}}",0.322,430.0,2009-07-18T10:19:34,199.43026289351852,0.0,"{blue=null, green=null, red=null, nir=null, swir1=null, swir2=null, tir1=null, tir2=null}",31.018539428710938,"{lake_TIR=null, bkgd_BT=10.206829120586445, lake_BT=null, bkgd_TIR=7.281075828357951}","{blue=541, green=538, red=533, nir=531, swir1=519, swir2=524, tir1=516, tir2=516}","{""geodesic"":true,""type"":""Polygon"",""coordinates"":[[[2.8818679999999994,45.499909],[2.8817400000000006,45.492129],[2.89423,45.49203200000001],[2.894705,45.49992400000001],[2.8818679999999994,45.499909]]]}"
LE71970282009231ASN00,3.0899993896484377,"{shadow_count=0.0, cloud_count=0.0, water_count=24.0, snow_count=0.0, lake_SR={blue=0.03274166666666666, green=0.03324166666666667, red=0.012329166666666667, nir=0.03349166666666666, swir1=0.009029166666666666, swir2=0.0048333333333333344}}",0.301,249.0,2009-08-19T10:19:26,231.43016541666665,0.0,"{blue=null, green=null, red=null, nir=null, swir1=null, swir2=null, tir1=null, tir2=null}",38.09427261352539,"{lake_TIR=null, bkgd_BT=24.73922819819057, lake_BT=null, bkgd_TIR=9.087754224653477}","{blue=645, green=642, red=642, nir=638, swir1=625, swir2=626, tir1=610, tir2=610}","{""geodesic"":true,""type"":""Polygon"",""coordinates"":[[[2.8818679999999994,45.499909],[2.8817400000000006,45.492129],[2.89423,45.49203200000001],[2.894705,45.49992400000001],[2.8818679999999994,45.499909]]]}"
LE71970282009295ASN00,1.45,"{shadow_count=0.0, cloud_count=262.0, water_count=0.0, snow_count=0.0, lake_SR={blue=null, green=null, red=null, nir=null, swir1=null, swir2=null}}",0.313,644.0,2009-10-22T10:19:31,295.4302277893519,0.0,"{blue=null, green=null, red=null, nir=null, swir1=null, swir2=null, tir1=null, tir2=null}",59.178466796875,"{lake_TIR=null, bkgd_BT=-27.346289498465403, lake_BT=null, bkgd_TIR=3.637052895235164}","{blue=654, green=650, red=646, nir=644, swir1=631, swir2=635, tir1=265, tir2=161}","{""geodesic"":true,""type"":""Polygon"",""coordinates"":[[[2.8818679999999994,45.499909],[2.8817400000000006,45.492129],[2.89423,45.49203200000001],[2.894705,45.49992400000001],[2.8818679999999994,45.499909]]]}"
LE71970282010106ASN00,1.120001220703125,"{shadow_count=18.0, cloud_count=476.0, water_count=0.0, snow_count=0.0, lake_SR={blue=null, green=null, red=null, nir=null, swir1=null, swir2=null}}",0.372,431.0,2010-04-16T10:21:28,106.43158393518519,0.0,"{blue=null, green=null, red=null, nir=null, swir1=null, swir2=null, tir1=null, tir2=null}",39.83808517456055,"{lake_TIR=null, bkgd_BT=7.39757574172247, lake_BT=null, bkgd_TIR=6.946659218874716}","{blue=552, green=548, red=543, nir=541, swir1=529, swir2=534, tir1=525, tir2=525}","{""geodesic"":true,""type"":""Polygon"",""coordinates"":[[[2.8818679999999994,45.499909],[2.8817400000000006,45.492129],[2.89423,45.49203200000001],[2.894705,45.49992400000001],[2.8818679999999994,45.499909]]]}"
LE71970282010154ASN00,1.9899993896484376,"{shadow_count=129.0, cloud_count=257.0, water_count=0.0, snow_count=0.0, lake_SR={blue=null, green=null, red=null, nir=null, swir1=null, swir2=null}}",0.385,445.0,2010-06-03T10:21:24,154.43152869212963,0.0,"{blue=null, green=null, red=null, nir=null, swir1=null, swir2=null, tir1=null, tir2=null}",28.6595458984375,"{lake_TIR=null, bkgd_BT=15.30174081655649, lake_BT=null, bkgd_TIR=7.891243668175661}","{blue=596, green=592, red=589, nir=587, swir1=588, swir2=588, tir1=591, tir2=591}","{""geodesic"":true,""type"":""Polygon"",""coordinates"":[[[2.8818679999999994,45.499909],[2.8817400000000006,45.492129],[2.89423,45.49203200000001],[2.894705,45.49992400000001],[2.8818679999999994,45.499909]]]}"
LE71970282010186ASN00,2.7100006103515626,"{shadow_count=0.0, cloud_count=613.0, water_count=0.0, snow_count=0.0, lake_SR={blue=null, green=null, red=null, nir=null, swir1=null, swir2=null}}",0.319,648.0,2010-07-05T10:21:28,186.43157811342593,0.0,"{blue=null, green=null, red=null, nir=null, swir1=null, swir2=null, tir1=null, tir2=null}",29.023075103759766,"{lake_TIR=null, bkgd_BT=4.73236538501496, lake_BT=null, bkgd_TIR=6.647284351289272}","{blue=660, green=655, red=652, nir=648, swir1=639, swir2=643, tir1=633, tir2=633}","{""geodesic"":true,""type"":""Polygon"",""coordinates"":[[[2.8818679999999994,45.499909],[2.8817400000000006,45.492129],[2.89423,45.49203200000001],[2.894705,45.49992400000001],[2.8818679999999994,45.499909]]]}"
LE71970282010202ASN00,3.580000305175781,"{shadow_count=null, cloud_count=null, water_count=null, snow_count=null, lake_SR=null}",0.318,623.0,2010-07-21T10:21:29,202.43159108796297,0.0,"{blue=null, green=null, red=null, nir=null, swir1=null, swir2=null, tir1=null, tir2=null}",31.243534088134766,"{lake_TIR=null, bkgd_BT=-36.95771699793198, lake_BT=null, bkgd_TIR=2.9202408737996044}","{blue=631, green=628, red=627, nir=623, swir1=609, swir2=611, tir1=599, tir2=599}","{""geodesic"":true,""type"":""Polygon"",""coordinates"":[[[2.8818679999999994,45.499909],[2.8817400000000006,45.492129],[2.89423,45.49203200000001],[2.894705,45.49992400000001],[2.8818679999999994,45.499909]]]}"
LE71970282010218ASN00,2.2600006103515624,"{shadow_count=113.0, cloud_count=360.0, water_count=0.0, snow_count=0.0, lake_SR={blue=null, green=null, red=null, nir=null, swir1=null, swir2=null}}",0.321,367.0,2010-08-06T10:21:28,218.43158111111111,0.0,"{blue=null, green=null, red=null, nir=null, swir1=null, swir2=null, tir1=null, tir2=null}",34.50822830200195,"{lake_TIR=null, bkgd_BT=11.217908515304815, lake_BT=null, bkgd_TIR=7.420219494548977}","{blue=534, green=531, red=529, nir=524, swir1=520, swir2=522, tir1=518, tir2=518}","{""geodesic"":true,""type"":""Polygon"",""coordinates"":[[[2.8818679999999994,45.499909],[2.8817400000000006,45.492129],[2.89423,45.49203200000001],[2.894705,45.49992400000001],[2.8818679999999994,45.499909]]]}"
LE71970282010234ASN00,3.5600006103515627,"{shadow_count=33.0, cloud_count=95.0, water_count=60.0, snow_count=0.0, lake_SR={blue=0.03656333333333335, green=0.03615833333333336, red=0.012741666666666662, nir=0.030358333333333334, swir1=0.007643333333333325, swir2=0.0041616666666666685}}",0.292,387.0,2010-08-22T10:21:30,234.43160726851852,0.0,"{blue=null, green=null, red=null, nir=null, swir1=null, swir2=null, tir1=null, tir2=null}",38.657352447509766,"{lake_TIR=null, bkgd_BT=21.364351135146638, lake_BT=null, bkgd_TIR=8.64529129168358}","{blue=545, green=541, red=538, nir=533, swir1=531, swir2=534, tir1=530, tir2=530}","{""geodesic"":true,""type"":""Polygon"",""coordinates"":[[[2.8818679999999994,45.499909],[2.8817400000000006,45.492129],[2.89423,45.49203200000001],[2.894705,45.49992400000001],[2.8818679999999994,45.499909]]]}"
LE71970282010282EDC00,2.6,"{shadow_count=0.0, cloud_count=0.0, water_count=35.0, snow_count=0.0, lake_SR={blue=0.02779142857142857, green=0.02081428571428571, red=0.01001428571428571, nir=0.023991428571428566, swir1=0.009137142857142854, swir2=0.0048057142857142856}}",0.276,316.0,2010-10-09T10:21:34,282.4316539814815,0.0,"{blue=null, green=null, red=null, nir=null, swir1=null, swir2=null, tir1=null, tir2=null}",54.5017204284668,"{lake_TIR=null, bkgd_BT=13.474227340133101, lake_BT=null, bkgd_TIR=7.391507366139974}","{blue=531, green=526, red=521, nir=519, swir1=507, swir2=511, tir1=222, tir2=165}","{""geodesic"":true,""type"":""Polygon"",""coordinates"":[[[2.8818679999999994,45.499909],[2.8817400000000006,45.492129],[2.89423,45.49203200000001],[2.894705,45.49992400000001],[2.8818679999999994,45.499909]]]}"
LE71970282011093ASN00,2.4699996948242187,"{shadow_count=8.0, cloud_count=241.0, water_count=0.0, snow_count=2.0, lake_SR={blue=null, green=null, red=null, nir=null, swir1=null, swir2=null}}",0.317,430.0,2011-04-03T10:22:53,93.43256100694444,0.0,"{blue=null, green=null, red=null, nir=null, swir1=null, swir2=null, tir1=null, tir2=null}",44.578880310058594,"{lake_TIR=null, bkgd_BT=14.402264912923178, lake_BT=null, bkgd_TIR=7.7680709234749274}","{blue=634, green=631, red=629, nir=624, swir1=624, swir2=626, tir1=624, tir2=624}","{""geodesic"":true,""type"":""Polygon"",""coordinates"":[[[2.8818679999999994,45.499909],[2.8817400000000006,45.492129],[2.89423,45.49203200000001],[2.894705,45.49992400000001],[2.8818679999999994,45.499909]]]}"
LE71970282011109ASN00,1.65,"{shadow_count=0.0, cloud_count=0.0, water_count=212.0, snow_count=0.0, lake_SR={blue=0.025829716981132102, green=0.023016981132075523, red=0.007440094339622627, nir=0.017127358490566028, swir1=0.006217924528301883, swir2=0.0037561320754716993}}",0.331,232.0,2011-04-19T10:22:51,109.43253717592593,35.0,"{blue=39.94591731343951, green=23.63559032678604, red=9.901923833574568, nir=5.562204837799072, swir1=0.3963140705600381, swir2=0.07114293123595417, tir1=7.234872100641951, tir2=7.232061971444637}",38.73585510253906,"{lake_TIR=7.234872100641951, bkgd_BT=22.931386701227947, lake_BT=9.870384216308594, bkgd_TIR=8.86067594981127}","{blue=543, green=539, red=538, nir=535, swir1=521, swir2=523, tir1=513, tir2=513}","{""geodesic"":true,""type"":""Polygon"",""coordinates"":[[[2.8818679999999994,45.499909],[2.8817400000000006,45.492129],[2.89423,45.49203200000001],[2.894705,45.49992400000001],[2.8818679999999994,45.499909]]]}"
LE71970282011125ASN00,1.0100006103515624,"{shadow_count=0.0, cloud_count=0.0, water_count=6.0, snow_count=0.0, lake_SR={blue=0.026833333333333334, green=0.025399999999999995, red=0.014100000000000001, nir=0.031266666666666665, swir1=0.01863333333333333, swir2=0.0114}}",0.324,304.0,2011-05-05T10:22:52,125.4325534837963,0.0,"{blue=null, green=null, red=null, nir=null, swir1=null, swir2=null, tir1=null, tir2=null}",33.81988525390625,"{lake_TIR=null, bkgd_BT=14.98128516273161, lake_BT=null, bkgd_TIR=7.857445532175819}","{blue=642, green=640, red=637, nir=633, swir1=630, swir2=633, tir1=630, tir2=630}","{""geodesic"":true,""type"":""Polygon"",""coordinates"":[[[2.8818679999999994,45.499909],[2.8817400000000006,45.492129],[2.89423,45.49203200000001],[2.894705,45.49992400000001],[2.8818679999999994,45.499909]]]}"
LE71970282011253ASN00,2.6399993896484375,"{shadow_count=0.0, cloud_count=0.0, water_count=114.0, snow_count=0.0, lake_SR={blue=0.022478070175438583, green=0.016112280701754383, red=0.004552631578947372, nir=0.019785964912280712, swir1=0.005327192982456147, swir2=0.0020903508771929814}}",0.281,309.0,2011-09-10T10:22:34,253.4323380787037,0.0,"{blue=null, green=null, red=null, nir=null, swir1=null, swir2=null, tir1=null, tir2=null}",44.337928771972656,"{lake_TIR=null, bkgd_BT=23.925333285550458, lake_BT=null, bkgd_TIR=8.99137072301148}","{blue=538, green=534, red=531, nir=527, swir1=516, swir2=521, tir1=513, tir2=513}","{""geodesic"":true,""type"":""Polygon"",""coordinates"":[[[2.8818679999999994,45.499909],[2.8817400000000006,45.492129],[2.89423,45.49203200000001],[2.894705,45.49992400000001],[2.8818679999999994,45.499909]]]}"
LE71970282011269ASN00,2.4699996948242187,"{shadow_count=0.0, cloud_count=0.0, water_count=104.0, snow_count=0.0, lake_SR={blue=0.02661153846153846, green=0.018935576923076926, red=0.006912499999999997, nir=0.023058653846153836, swir1=0.0068730769230769175, swir2=0.00402980769230769}}",0.275,297.0,2011-09-26T10:22:30,269.4322994907407,0.0,"{blue=null, green=null, red=null, nir=null, swir1=null, swir2=null, tir1=null, tir2=null}",49.801422119140625,"{lake_TIR=null, bkgd_BT=17.637400074719697, lake_BT=null, bkgd_TIR=8.182053658155784}","{blue=542, green=539, red=537, nir=533, swir1=523, swir2=525, tir1=518, tir2=518}","{""geodesic"":true,""type"":""Polygon"",""coordinates"":[[[2.8818679999999994,45.499909],[2.8817400000000006,45.492129],[2.89423,45.49203200000001],[2.894705,45.49992400000001],[2.8818679999999994,45.499909]]]}"
LE71970282011285EDC00,1.6899993896484375,"{shadow_count=null, cloud_count=null, water_count=null, snow_count=null, lake_SR=null}",0.239,228.0,2011-10-12T10:22:29,285.4322888425926,193.0,"{blue=31.219877229453367, green=16.260795033657487, red=6.959583712365343, nir=3.6578025586246827, swir1=0.20698335114866495, swir2=0.0315893319202587, tir1=7.7043120178674895, tir2=7.703389206172331}",55.40889358520508,"{lake_TIR=7.7043120178674895, bkgd_BT=15.731467403582673, lake_BT=13.885987296937005, bkgd_TIR=7.903724004605822}","{blue=653, green=648, red=644, nir=643, swir1=631, swir2=635, tir1=266, tir2=186}","{""geodesic"":true,""type"":""Polygon"",""coordinates"":[[[2.8818679999999994,45.499909],[2.8817400000000006,45.492129],[2.89423,45.49203200000001],[2.894705,45.49992400000001],[2.8818679999999994,45.499909]]]}"
LE71970282011317ASN00,1.179998779296875,"{shadow_count=0.0, cloud_count=0.0, water_count=154.0, snow_count=0.0, lake_SR={blue=0.03757402597402594, green=0.024792207792207796, red=0.013488311688311662, nir=0.021803246753246748, swir1=0.009924025974025977, swir2=0.005224025974025974}}",0.265,272.0,2011-11-13T10:22:49,317.4325120717593,24.0,"{blue=28.87575500210126, green=15.534235455095768, red=7.6402889887491865, nir=3.4834973166386285, swir1=0.26746399762729806, swir2=0.03227523248642683, tir1=7.080433123124142, tir2=7.0987450444760425}",65.5716438293457,"{lake_TIR=7.080433123124142, bkgd_BT=7.654124764835133, lake_BT=8.545051574707031, bkgd_TIR=6.636883480513429}","{blue=531, green=527, red=523, nir=521, swir1=508, swir2=513, tir1=434, tir2=417}","{""geodesic"":true,""type"":""Polygon"",""coordinates"":[[[2.8818679999999994,45.499909],[2.8817400000000006,45.492129],[2.89423,45.49203200000001],[2.894705,45.49992400000001],[2.8818679999999994,45.499909]]]}"
LE71970282011333ASN00,1.1600006103515625,"{shadow_count=0.0, cloud_count=0.0, water_count=337.0, snow_count=0.0, lake_SR={blue=0.031773887240356014, green=0.02160445103857565, red=0.012587833827893212, nir=0.017075667655786275, swir1=0.005836498516320471, swir2=0.00331424332344214}}",0.262,124.0,2011-11-29T10:22:58,333.4326212037037,158.0,"{blue=24.190581430362748, green=12.650313895714435, red=6.091401118266432, nir=2.6298040970216823, swir1=0.15103048125639656, swir2=0.019664288743546133, tir1=6.848386691870361, tir2=6.837595679996342}",69.2086296081543,"{lake_TIR=6.848386691870361, bkgd_BT=6.934263571714744, lake_BT=6.521917724609375, bkgd_TIR=6.896159953986987}","{blue=557, green=553, red=552, nir=550, swir1=534, swir2=536, tir1=524, tir2=524}","{""geodesic"":true,""type"":""Polygon"",""coordinates"":[[[2.8818679999999994,45.499909],[2.8817400000000006,45.492129],[2.89423,45.49203200000001],[2.894705,45.49992400000001],[2.8818679999999994,45.499909]]]}"
LE71970282011349ASN00,1.1100006103515625,"{shadow_count=null, cloud_count=null, water_count=null, snow_count=null, lake_SR=null}",0.339,643.0,2011-12-15T10:23:03,349.4326848263889,0.0,"{blue=null, green=null, red=null, nir=null, swir1=null, swir2=null, tir1=null, tir2=null}",71.31836891174316,"{lake_TIR=null, bkgd_BT=-26.949581724224668, lake_BT=null, bkgd_TIR=3.6470723246986214}","{blue=654, green=652, red=648, nir=643, swir1=632, swir2=636, tir1=624, tir2=624}","{""geodesic"":true,""type"":""Polygon"",""coordinates"":[[[2.8818679999999994,45.499909],[2.8817400000000006,45.492129],[2.89423,45.49203200000001],[2.894705,45.49992400000001],[2.8818679999999994,45.499909]]]}"
LE71970282012016ASN00,0.45,"{shadow_count=0.0, cloud_count=0.0, water_count=351.0, snow_count=3.0, lake_SR={blue=0.036990028490028505, green=0.02325555555555559, red=0.013243874643874675, nir=0.01789002849002853, swir1=0.007204273504273506, swir2=0.005057264957264953}}",0.305,137.0,2012-01-16T10:23:17,16.432839872685186,152.0,"{blue=26.03574425923197, green=13.849007892373361, red=7.118154532031009, nir=3.162212439665669, swir1=0.19608932165872484, swir2=0.0435855928428319, tir1=5.826472483947873, tir2=5.821604317187199}",70.00015258789062,"{lake_TIR=5.826472483947873, bkgd_BT=0.8070024762834821, lake_BT=-2.90208740234375, bkgd_TIR=6.217970799548286}","{blue=575, green=573, red=572, nir=569, swir1=554, swir2=555, tir1=542, tir2=542}","{""geodesic"":true,""type"":""Polygon"",""coordinates"":[[[2.8818679999999994,45.499909],[2.8817400000000006,45.492129],[2.89423,45.49203200000001],[2.894705,45.49992400000001],[2.8818679999999994,45.499909]]]}"
LE71970282012080ASN00,1.0,"{shadow_count=0.0, cloud_count=494.0, water_count=0.0, snow_count=0.0, lake_SR={blue=null, green=null, red=null, nir=null, swir1=null, swir2=null}}",0.42,528.0,2012-03-20T10:23:23,80.43291231481481,0.0,"{blue=null, green=null, red=null, nir=null, swir1=null, swir2=null, tir1=null, tir2=null}",49.739891052246094,"{lake_TIR=null, bkgd_BT=-7.072546277727399, lake_BT=null, bkgd_TIR=5.398076530279858}","{blue=540, green=535, red=532, nir=528, swir1=520, swir2=524, tir1=513, tir2=513}","{""geodesic"":true,""type"":""Polygon"",""coordinates"":[[[2.8818679999999994,45.499909],[2.8817400000000006,45.492129],[2.89423,45.49203200000001],[2.894705,45.49992400000001],[2.8818679999999994,45.499909]]]}"
LE71970282012128ASN00,1.4,"{shadow_count=0.0, cloud_count=378.0, water_count=0.0, snow_count=0.0, lake_SR={blue=null, green=null, red=null, nir=null, swir1=null, swir2=null}}",0.388,448.0,2012-05-07T10:23:51,128.4332396064815,0.0,"{blue=null, green=null, red=null, nir=null, swir1=null, swir2=null, tir1=null, tir2=null}",33.06365203857422,"{lake_TIR=null, bkgd_BT=11.258590399050245, lake_BT=null, bkgd_TIR=7.411097785129266}","{blue=591, green=590, red=583, nir=580, swir1=569, swir2=576, tir1=566, tir2=566}","{""geodesic"":true,""type"":""Polygon"",""coordinates"":[[[2.8818679999999994,45.499909],[2.8817400000000006,45.492129],[2.89423,45.49203200000001],[2.894705,45.49992400000001],[2.8818679999999994,45.499909]]]}"
LE71970282012192ASN00,2.3100006103515627,"{shadow_count=0.0, cloud_count=180.0, water_count=0.0, snow_count=0.0, lake_SR={blue=null, green=null, red=null, nir=null, swir1=null, swir2=null}}",0.312,638.0,2012-07-10T10:23:59,192.4333250462963,0.0,"{blue=null, green=null, red=null, nir=null, swir1=null, swir2=null, tir1=null, tir2=null}",29.34228515625,"{lake_TIR=null, bkgd_BT=-18.04113224574498, lake_BT=null, bkgd_TIR=2.1898987788174833}","{blue=649, green=646, red=643, nir=638, swir1=630, swir2=634, tir1=194, tir2=131}","{""geodesic"":true,""type"":""Polygon"",""coordinates"":[[[2.8818679999999994,45.499909],[2.8817400000000006,45.492129],[2.89423,45.49203200000001],[2.894705,45.49992400000001],[2.8818679999999994,45.499909]]]}"
LE71970282012224ASN00,1.479998779296875,"{shadow_count=0.0, cloud_count=0.0, water_count=0.0, snow_count=0.0, lake_SR={blue=null, green=null, red=null, nir=null, swir1=null, swir2=null}}",0.298,267.0,2012-08-11T10:24:21,224.4335822685185,0.0,"{blue=null, green=null, red=null, nir=null, swir1=null, swir2=null, tir1=null, tir2=null}",35.531089782714844,"{lake_TIR=null, bkgd_BT=22.538203631260597, lake_BT=null, bkgd_TIR=8.562935496270656}","{blue=539, green=537, red=533, nir=531, swir1=494, swir2=520, tir1=144, tir2=94}","{""geodesic"":true,""type"":""Polygon"",""coordinates"":[[[2.8818679999999994,45.499909],[2.8817400000000006,45.492129],[2.89423,45.49203200000001],[2.894705,45.49992400000001],[2.8818679999999994,45.499909]]]}"
LE71970282012240EDC00,2.05,"{shadow_count=0.0, cloud_count=0.0, water_count=0.0, snow_count=0.0, lake_SR={blue=null, green=null, red=null, nir=null, swir1=null, swir2=null}}",0.275,234.0,2012-08-27T10:24:30,240.4336857523148,306.0,"{blue=37.6521364575118, green=23.640470168169806, red=9.094673156738281, nir=5.033212510978474, swir1=0.2818853766829879, swir2=0.04102332979143656, tir1=null, tir2=null}",39.96670150756836,"{lake_TIR=null, bkgd_BT=19.143454189958245, lake_BT=null, bkgd_TIR=8.013244820485674}","{blue=649, green=645, red=644, nir=640, swir1=485, swir2=632, tir1=26, tir2=26}","{""geodesic"":true,""type"":""Polygon"",""coordinates"":[[[2.8818679999999994,45.499909],[2.8817400000000006,45.492129],[2.89423,45.49203200000001],[2.894705,45.49992400000001],[2.8818679999999994,45.499909]]]}"
LE71970282012304ASN00,1.2,"{shadow_count=0.0, cloud_count=38.0, water_count=327.0, snow_count=0.0, lake_SR={blue=0.02289143730886851, green=0.016048318042813457, red=0.00775626911314984, nir=0.012789908256880747, swir1=0.004806727828746204, swir2=0.003079204892966368}}",0.295,231.0,2012-10-30T10:25:06,304.43410299768516,173.0,"{blue=25.863388472209778, green=13.50582805672133, red=6.089149574323885, nir=2.9062923330792114, swir1=0.1600610702540833, swir2=0.032899018743134646, tir1=6.93008607363253, tir2=6.926063870957305}",61.57470703125,"{lake_TIR=6.93008607363253, bkgd_BT=3.884026213065206, lake_BT=7.238939759359194, bkgd_TIR=6.554624602989445}","{blue=649, green=645, red=642, nir=640, swir1=632, swir2=635, tir1=629, tir2=629}","{""geodesic"":true,""type"":""Polygon"",""coordinates"":[[[2.8818679999999994,45.499909],[2.8817400000000006,45.492129],[2.89423,45.49203200000001],[2.894705,45.49992400000001],[2.8818679999999994,45.499909]]]}"
LE71970282012320ASN00,1.5600006103515625,"{shadow_count=0.0, cloud_count=0.0, water_count=361.0, snow_count=0.0, lake_SR={blue=0.028869529085872533, green=0.020679224376731392, red=0.011557063711911359, nir=0.01845207756232685, swir1=0.008983656509695277, swir2=0.0051168975069252}}",0.275,144.0,2012-11-15T10:25:12,320.4341770717593,126.0,"{blue=25.82105398745764, green=13.862104651473818, red=6.702874895126101, nir=3.1864641365550814, swir1=0.25707389717179585, swir2=0.04436492701856101, tir1=6.874178442371185, tir2=6.868324804898412}",66.17659378051758,"{lake_TIR=6.874178442371185, bkgd_BT=10.8508485306141, lake_BT=6.748781047883581, bkgd_TIR=7.351444844589677}","{blue=597, green=595, red=594, nir=592, swir1=577, swir2=578, tir1=564, tir2=564}","{""geodesic"":true,""type"":""Polygon"",""coordinates"":[[[2.8818679999999994,45.499909],[2.8817400000000006,45.492129],[2.89423,45.49203200000001],[2.894705,45.49992400000001],[2.8818679999999994,45.499909]]]}"
LE71970282012336ASN00,0.629998779296875,"{shadow_count=25.0, cloud_count=227.0, water_count=147.0, snow_count=97.0, lake_SR={blue=0.08050136054421762, green=0.051975510204081726, red=0.03533401360544215, nir=0.039393877551020494, swir1=0.015578231292516983, swir2=0.012797959183673496}}",0.314,423.0,2012-12-01T10:25:14,336.43419717592593,2.0,"{blue=33.126378417015076, green=18.363385677337646, red=10.230512142181396, nir=4.496456623077393, swir1=0.32531505078077316, swir2=0.06702752783894539, tir1=6.306141778826714, tir2=6.3251968286931515}",69.57855415344238,"{lake_TIR=6.306141778826714, bkgd_BT=-24.29888916015625, lake_BT=1.6339111328125, bkgd_TIR=2.534915654254811}","{blue=650, green=648, red=647, nir=642, swir1=631, swir2=633, tir1=575, tir2=542}","{""geodesic"":true,""type"":""Polygon"",""coordinates"":[[[2.8818679999999994,45.499909],[2.8817400000000006,45.492129],[2.89423,45.49203200000001],[2.894705,45.49992400000001],[2.8818679999999994,45.499909]]]}"
LE71970282012352ASN00,1.4,"{shadow_count=0.0, cloud_count=590.0, water_count=0.0, snow_count=0.0, lake_SR={blue=null, green=null, red=null, nir=null, swir1=null, swir2=null}}",0.28,604.0,2012-12-17T10:25:22,352.4342846875,0.0,"{blue=null, green=null, red=null, nir=null, swir1=null, swir2=null, tir1=null, tir2=null}",71.38006782531738,"{lake_TIR=null, bkgd_BT=-18.225730895996094, lake_BT=null, bkgd_TIR=4.371811055888732}","{blue=613, green=610, red=607, nir=604, swir1=607, swir2=610, tir1=610, tir2=610}","{""geodesic"":true,""type"":""Polygon"",""coordinates"":[[[2.8818679999999994,45.499909],[2.8817400000000006,45.492129],[2.89423,45.49203200000001],[2.894705,45.49992400000001],[2.8818679999999994,45.499909]]]}"
LE71970282013050ASN00,0.770001220703125,"{shadow_count=null, cloud_count=null, water_count=null, snow_count=null, lake_SR=null}",0.337,635.0,2013-02-19T10:25:26,50.434339386574074,0.0,"{blue=null, green=null, red=null, nir=null, swir1=null, swir2=null, tir1=null, tir2=null}",60.719770431518555,"{lake_TIR=null, bkgd_BT=-4.683787626378677, lake_BT=null, bkgd_TIR=5.640537327411128}","{blue=657, green=654, red=652, nir=648, swir1=643, swir2=645, tir1=638, tir2=638}","{""geodesic"":true,""type"":""Polygon"",""coordinates"":[[[2.8818679999999994,45.499909],[2.8817400000000006,45.492129],[2.89423,45.49203200000001],[2.894705,45.49992400000001],[2.8818679999999994,45.499909]]]}"
LE71970282013066SG100,1.9,"{shadow_count=0.0, cloud_count=496.0, water_count=0.0, snow_count=0.0, lake_SR={blue=null, green=null, red=null, nir=null, swir1=null, swir2=null}}",0.323,531.0,2013-03-07T10:25:24,66.43431429398149,0.0,"{blue=null, green=null, red=null, nir=null, swir1=null, swir2=null, tir1=null, tir2=null}",54.79566192626953,"{lake_TIR=null, bkgd_BT=-3.7752053903978924, lake_BT=null, bkgd_TIR=5.730445015742335}","{blue=539, green=537, red=535, nir=531, swir1=521, swir2=524, tir1=512, tir2=512}","{""geodesic"":true,""type"":""Polygon"",""coordinates"":[[[2.8818679999999994,45.499909],[2.8817400000000006,45.492129],[2.89423,45.49203200000001],[2.894705,45.49992400000001],[2.8818679999999994,45.499909]]]}"
LE71970282013114ASN00,1.6100006103515625,"{shadow_count=0.0, cloud_count=0.0, water_count=289.0, snow_count=0.0, lake_SR={blue=0.027064359861591693, green=0.02388719723183394, red=0.01146851211072664, nir=0.019027681660899697, swir1=0.007819377162629771, swir2=0.0047283737024221536}}",0.301,286.0,2013-04-24T10:25:10,114.43414643518518,9.0,"{blue=41.822310288747154, green=24.310148497422535, red=11.577428181966146, nir=5.562204837799072, swir1=0.45854777925544316, swir2=0.08897634595632553, tir1=6.95464572062095, tir2=6.945275558779637}",36.69845962524414,"{lake_TIR=6.95464572062095, bkgd_BT=23.627894702787945, lake_BT=7.452450222439236, bkgd_TIR=8.951566497768018}","{blue=621, green=619, red=616, nir=614, swir1=613, swir2=616, tir1=616, tir2=616}","{""geodesic"":true,""type"":""Polygon"",""coordinates"":[[[2.8818679999999994,45.499909],[2.8817400000000006,45.492129],[2.89423,45.49203200000001],[2.894705,45.49992400000001],[2.8818679999999994,45.499909]]]}"
LE71970282013130ASN00,1.670001220703125,"{shadow_count=68.0, cloud_count=343.0, water_count=15.0, snow_count=0.0, lake_SR={blue=0.03254666666666667, green=0.02558666666666666, red=0.009380000000000001, nir=0.024326666666666667, swir1=0.01201333333333333, swir2=0.008233333333333332}}",0.345,528.0,2013-05-10T10:25:08,130.43412332175927,0.0,"{blue=null, green=null, red=null, nir=null, swir1=null, swir2=null, tir1=null, tir2=null}",32.19673156738281,"{lake_TIR=null, bkgd_BT=14.098050988238791, lake_BT=null, bkgd_TIR=7.744128780196542}","{blue=656, green=654, red=650, nir=647, swir1=642, swir2=645, tir1=640, tir2=640}","{""geodesic"":true,""type"":""Polygon"",""coordinates"":[[[2.8818679999999994,45.499909],[2.8817400000000006,45.492129],[2.89423,45.49203200000001],[2.894705,45.49992400000001],[2.8818679999999994,45.499909]]]}"
LE71970282013162ASN00,2.8399993896484377,"{shadow_count=0.0, cloud_count=593.0, water_count=0.0, snow_count=0.0, lake_SR={blue=null, green=null, red=null, nir=null, swir1=null, swir2=null}}",0.332,607.0,2013-06-11T10:24:56,162.43398900462964,0.0,"{blue=null, green=null, red=null, nir=null, swir1=null, swir2=null, tir1=null, tir2=null}",27.76331329345703,"{lake_TIR=null, bkgd_BT=-5.3781312306722, lake_BT=null, bkgd_TIR=5.568189017474651}","{blue=616, green=613, red=610, nir=607, swir1=610, swir2=613, tir1=613, tir2=613}","{""geodesic"":true,""type"":""Polygon"",""coordinates"":[[[2.8818679999999994,45.499909],[2.8817400000000006,45.492129],[2.89423,45.49203200000001],[2.894705,45.49992400000001],[2.8818679999999994,45.499909]]]}"
LE71970282013194ASN00,1.7600006103515624,"{shadow_count=0.0, cloud_count=0.0, water_count=0.0, snow_count=0.0, lake_SR={blue=null, green=null, red=null, nir=null, swir1=null, swir2=null}}",0.334,550.0,2013-07-13T10:24:39,194.43379135416666,0.0,"{blue=null, green=null, red=null, nir=null, swir1=null, swir2=null, tir1=null, tir2=null}",29.656578063964844,"{lake_TIR=null, bkgd_BT=22.28885153219484, lake_BT=null, bkgd_TIR=8.776555776634964}","{blue=558, green=555, red=550, nir=550, swir1=534, swir2=539, tir1=528, tir2=528}","{""geodesic"":true,""type"":""Polygon"",""coordinates"":[[[2.8818679999999994,45.499909],[2.8817400000000006,45.492129],[2.89423,45.49203200000001],[2.894705,45.49992400000001],[2.8818679999999994,45.499909]]]}"
LE71970282013226ASN01,2.1399993896484375,"{shadow_count=0.0, cloud_count=0.0, water_count=0.0, snow_count=0.0, lake_SR={blue=null, green=null, red=null, nir=null, swir1=null, swir2=null}}",0.312,372.0,2013-08-14T10:24:32,226.43370498842592,0.0,"{blue=null, green=null, red=null, nir=null, swir1=null, swir2=null, tir1=null, tir2=null}",36.22193908691406,"{lake_TIR=null, bkgd_BT=-5.623077901204427, lake_BT=null, bkgd_TIR=2.504260616045292}","{blue=523, green=520, red=516, nir=513, swir1=171, swir2=467, tir1=2, tir2=2}","{""geodesic"":true,""type"":""Polygon"",""coordinates"":[[[2.8818679999999994,45.499909],[2.8817400000000006,45.492129],[2.89423,45.49203200000001],[2.894705,45.49992400000001],[2.8818679999999994,45.499909]]]}"
LE71970282013242ASN00,1.870001220703125,"{shadow_count=0.0, cloud_count=0.0, water_count=0.0, snow_count=0.0, lake_SR={blue=null, green=null, red=null, nir=null, swir1=null, swir2=null}}",0.307,255.0,2013-08-30T10:24:43,242.43383524305557,0.0,"{blue=null, green=null, red=null, nir=null, swir1=null, swir2=null, tir1=null, tir2=null}",40.782466888427734,"{lake_TIR=null, bkgd_BT=18.747076416015624, lake_BT=null, bkgd_TIR=2.189142162862577}","{blue=648, green=644, red=639, nir=638, swir1=381, swir2=631, tir1=16, tir2=16}","{""geodesic"":true,""type"":""Polygon"",""coordinates"":[[[2.8818679999999994,45.499909],[2.8817400000000006,45.492129],[2.89423,45.49203200000001],[2.894705,45.49992400000001],[2.8818679999999994,45.499909]]]}"
LE71970282013338ASN00,1.0100006103515624,"{shadow_count=0.0, cloud_count=0.0, water_count=247.0, snow_count=178.0, lake_SR={blue=0.10143400809716648, green=0.07462874493927098, red=0.059772064777327716, nir=0.059943319838056786, swir1=0.018034412955465543, swir2=0.014925506072874451}}",0.241,228.0,2013-12-04T10:25:36,338.43444569444443,0.0,"{blue=null, green=null, red=null, nir=null, swir1=null, swir2=null, tir1=null, tir2=null}",69.99565315246582,"{lake_TIR=null, bkgd_BT=-0.750873311360677, lake_BT=null, bkgd_TIR=6.046740202109019}","{blue=537, green=532, red=529, nir=526, swir1=515, swir2=519, tir1=509, tir2=509}","{""geodesic"":true,""type"":""Polygon"",""coordinates"":[[[2.8818679999999994,45.499909],[2.8817400000000006,45.492129],[2.89423,45.49203200000001],[2.894705,45.49992400000001],[2.8818679999999994,45.499909]]]}"
LE71970282014005ASN00,1.1100006103515625,"{shadow_count=0.0, cloud_count=601.0, water_count=0.0, snow_count=0.0, lake_SR={blue=null, green=null, red=null, nir=null, swir1=null, swir2=null}}",0.323,636.0,2014-01-05T10:25:42,5.4345223148148145,0.0,"{blue=null, green=null, red=null, nir=null, swir1=null, swir2=null, tir1=null, tir2=null}",71.11742973327637,"{lake_TIR=null, bkgd_BT=-5.059419957602897, lake_BT=null, bkgd_TIR=5.599277936467311}","{blue=644, green=639, red=638, nir=636, swir1=623, swir2=624, tir1=612, tir2=612}","{""geodesic"":true,""type"":""Polygon"",""coordinates"":[[[2.8818679999999994,45.499909],[2.8817400000000006,45.492129],[2.89423,45.49203200000001],[2.894705,45.49992400000001],[2.8818679999999994,45.499909]]]}"
LE71970282014021ASN00,0.6399993896484375,"{shadow_count=60.0, cloud_count=139.0, water_count=93.0, snow_count=214.0, lake_SR={blue=0.0682344086021505, green=0.04015698924731179, red=0.021713978494623656, nir=0.017180645161290326, swir1=0.0014956989247311813, swir2=0.0025473118279569873}}",0.37,286.0,2014-01-21T10:25:58,21.434702858796296,87.0,"{blue=32.04410301679852, green=16.420134116863384, red=8.671951918766416, nir=3.51220938255047, swir1=0.09234693143516778, swir2=0.024040324613451958, tir1=5.89736067344745, tir2=5.90453541820248}",68.86252021789551,"{lake_TIR=5.89736067344745, bkgd_BT=-5.46541002061632, lake_BT=-2.219749755859375, bkgd_TIR=5.5660592836756555}","{blue=556, green=553, red=550, nir=546, swir1=537, swir2=540, tir1=532, tir2=532}","{""geodesic"":true,""type"":""Polygon"",""coordinates"":[[[2.8818679999999994,45.499909],[2.8817400000000006,45.492129],[2.89423,45.49203200000001],[2.894705,45.49992400000001],[2.8818679999999994,45.499909]]]}"
LE71970282014037ASN00,1.8600006103515625,"{shadow_count=0.0, cloud_count=545.0, water_count=0.0, snow_count=0.0, lake_SR={blue=null, green=null, red=null, nir=null, swir1=null, swir2=null}}",0.305,580.0,2014-02-06T10:26:09,37.43483244212963,0.0,"{blue=null, green=null, red=null, nir=null, swir1=null, swir2=null, tir1=null, tir2=null}",64.92757987976074,"{lake_TIR=null, bkgd_BT=-28.984049479166668, lake_BT=null, bkgd_TIR=3.4905368904724265}","{blue=587, green=581, red=580, nir=580, swir1=562, swir2=565, tir1=555, tir2=555}","{""geodesic"":true,""type"":""Polygon"",""coordinates"":[[[2.8818679999999994,45.499909],[2.8817400000000006,45.492129],[2.89423,45.49203200000001],[2.894705,45.49992400000001],[2.8818679999999994,45.499909]]]}"
LE71970282014053ASN00,1.3,"{shadow_count=0.0, cloud_count=530.0, water_count=0.0, snow_count=0.0, lake_SR={blue=null, green=null, red=null, nir=null, swir1=null, swir2=null}}",0.363,546.0,2014-02-22T10:25:58,53.434705532407406,0.0,"{blue=null, green=null, red=null, nir=null, swir1=null, swir2=null, tir1=null, tir2=null}",59.698211669921875,"{lake_TIR=null, bkgd_BT=-7.4111322366966395, lake_BT=null, bkgd_TIR=5.3669291734695435}","{blue=555, green=552, red=549, nir=546, swir1=546, swir2=549, tir1=550, tir2=550}","{""geodesic"":true,""type"":""Polygon"",""coordinates"":[[[2.8818679999999994,45.499909],[2.8817400000000006,45.492129],[2.89423,45.49203200000001],[2.894705,45.49992400000001],[2.8818679999999994,45.499909]]]}"
LE71970282014069ASN00,0.65,"{shadow_count=0.0, cloud_count=219.0, water_count=18.0, snow_count=187.0, lake_SR={blue=0.11520555555555556, green=0.07888888888888891, red=0.05876666666666668, nir=0.06257777777777776, swir1=0.005838888888888889, swir2=0.002311111111111111}}",0.333,470.0,2014-03-10T10:26:04,69.43477721064815,0.0,"{blue=null, green=null, red=null, nir=null, swir1=null, swir2=null, tir1=null, tir2=null}",53.653846740722656,"{lake_TIR=null, bkgd_BT=3.064671107700893, lake_BT=null, bkgd_TIR=3.18708663769591}","{blue=528, green=524, red=521, nir=518, swir1=507, swir2=511, tir1=471, tir2=458}","{""geodesic"":true,""type"":""Polygon"",""coordinates"":[[[2.8818679999999994,45.499909],[2.8817400000000006,45.492129],[2.89423,45.49203200000001],[2.894705,45.49992400000001],[2.8818679999999994,45.499909]]]}"
LE71970282014085ASN00,0.820001220703125,"{shadow_count=0.0, cloud_count=413.0, water_count=0.0, snow_count=0.0, lake_SR={blue=null, green=null, red=null, nir=null, swir1=null, swir2=null}}",0.427,516.0,2014-03-26T10:26:11,85.43485503472222,0.0,"{blue=null, green=null, red=null, nir=null, swir1=null, swir2=null, tir1=null, tir2=null}",47.30488967895508,"{lake_TIR=null, bkgd_BT=-17.310828653971353, lake_BT=null, bkgd_TIR=1.5869178969767832}","{blue=527, green=522, red=520, nir=516, swir1=507, swir2=510, tir1=425, tir2=397}","{""geodesic"":true,""type"":""Polygon"",""coordinates"":[[[2.8818679999999994,45.499909],[2.8817400000000006,45.492129],[2.89423,45.49203200000001],[2.894705,45.49992400000001],[2.8818679999999994,45.499909]]]}"
LE71970282014101ASN00,1.670001220703125,"{shadow_count=0.0, cloud_count=351.0, water_count=0.0, snow_count=0.0, lake_SR={blue=null, green=null, red=null, nir=null, swir1=null, swir2=null}}",0.341,625.0,2014-04-11T10:26:17,101.43492172453703,0.0,"{blue=null, green=null, red=null, nir=null, swir1=null, swir2=null, tir1=null, tir2=null}",41.15669250488281,"{lake_TIR=null, bkgd_BT=1.9559151785714286, lake_BT=null, bkgd_TIR=2.293668222196143}","{blue=635, green=633, red=630, nir=625, swir1=623, swir2=626, tir1=369, tir2=339}","{""geodesic"":true,""type"":""Polygon"",""coordinates"":[[[2.8818679999999994,45.499909],[2.8817400000000006,45.492129],[2.89423,45.49203200000001],[2.894705,45.49992400000001],[2.8818679999999994,45.499909]]]}"
LE71970282014133ASN00,1.470001220703125,"{shadow_count=0.0, cloud_count=521.0, water_count=0.0, snow_count=0.0, lake_SR={blue=null, green=null, red=null, nir=null, swir1=null, swir2=null}}",0.403,555.0,2014-05-13T10:26:34,133.4351198611111,0.0,"{blue=null, green=null, red=null, nir=null, swir1=null, swir2=null, tir1=null, tir2=null}",31.407203674316406,"{lake_TIR=null, bkgd_BT=-16.5529292179988, lake_BT=null, bkgd_TIR=4.510284709242674}","{blue=561, green=558, red=555, nir=555, swir1=539, swir2=541, tir1=531, tir2=531}","{""geodesic"":true,""type"":""Polygon"",""coordinates"":[[[2.8818679999999994,45.499909],[2.8817400000000006,45.492129],[2.89423,45.49203200000001],[2.894705,45.49992400000001],[2.8818679999999994,45.499909]]]}"
LE71970282014149ASN00,1.820001220703125,"{shadow_count=0.0, cloud_count=490.0, water_count=0.0, snow_count=0.0, lake_SR={blue=null, green=null, red=null, nir=null, swir1=null, swir2=null}}",0.366,525.0,2014-05-29T10:26:38,149.43517035879628,0.0,"{blue=null, green=null, red=null, nir=null, swir1=null, swir2=null, tir1=null, tir2=null}",28.606651306152344,"{lake_TIR=null, bkgd_BT=-2.452261532054228, lake_BT=null, bkgd_TIR=5.885206157378122}","{blue=534, green=533, red=529, nir=525, swir1=514, swir2=517, tir1=510, tir2=510}","{""geodesic"":true,""type"":""Polygon"",""coordinates"":[[[2.8818679999999994,45.499909],[2.8817400000000006,45.492129],[2.89423,45.49203200000001],[2.894705,45.49992400000001],[2.8818679999999994,45.499909]]]}"
LE71970282014165ASN00,2.4600006103515626,"{shadow_count=71.0, cloud_count=407.0, water_count=0.0, snow_count=0.0, lake_SR={blue=null, green=null, red=null, nir=null, swir1=null, swir2=null}}",0.343,388.0,2014-06-14T10:26:40,165.43518792824074,0.0,"{blue=null, green=null, red=null, nir=null, swir1=null, swir2=null, tir1=null, tir2=null}",27.47674560546875,"{lake_TIR=null, bkgd_BT=20.29458918336962, lake_BT=null, bkgd_TIR=8.508818960438171}","{blue=583, green=579, red=576, nir=576, swir1=560, swir2=563, tir1=549, tir2=549}","{""geodesic"":true,""type"":""Polygon"",""coordinates"":[[[2.8818679999999994,45.499909],[2.8817400000000006,45.492129],[2.89423,45.49203200000001],[2.894705,45.49992400000001],[2.8818679999999994,45.499909]]]}"
LE71970282014181ASN00,2.079998779296875,"{shadow_count=87.0, cloud_count=510.0, water_count=0.0, snow_count=0.0, lake_SR={blue=null, green=null, red=null, nir=null, swir1=null, swir2=null}}",0.322,551.0,2014-06-30T10:26:45,181.43525216435185,0.0,"{blue=null, green=null, red=null, nir=null, swir1=null, swir2=null, tir1=null, tir2=null}",27.954315185546875,"{lake_TIR=null, bkgd_BT=12.492314218685326, lake_BT=null, bkgd_TIR=7.554574806761268}","{blue=651, green=649, red=646, nir=642, swir1=636, swir2=640, tir1=633, tir2=633}","{""geodesic"":true,""type"":""Polygon"",""coordinates"":[[[2.8818679999999994,45.499909],[2.8817400000000006,45.492129],[2.89423,45.49203200000001],[2.894705,45.49992400000001],[2.8818679999999994,45.499909]]]}"
LE71970282014197ASN00,2.6300003051757814,"{shadow_count=0.0, cloud_count=0.0, water_count=121.0, snow_count=0.0, lake_SR={blue=0.02097768595041325, green=0.01819090909090908, red=0.0030314049586776825, nir=0.016510743801652874, swir1=0.00429090909090909, swir2=0.0016991735537190084}}",0.314,316.0,2014-07-16T10:26:46,197.43526592592593,0.0,"{blue=null, green=null, red=null, nir=null, swir1=null, swir2=null, tir1=null, tir2=null}",29.808334350585938,"{lake_TIR=null, bkgd_BT=24.113590877153094, lake_BT=null, bkgd_TIR=9.016704465175076}","{blue=530, green=526, red=522, nir=520, swir1=508, swir2=513, tir1=505, tir2=505}","{""geodesic"":true,""type"":""Polygon"",""coordinates"":[[[2.8818679999999994,45.499909],[2.8817400000000006,45.492129],[2.89423,45.49203200000001],[2.894705,45.49992400000001],[2.8818679999999994,45.499909]]]}"
LE71970282014213ASN00,2.6399993896484375,"{shadow_count=0.0, cloud_count=556.0, water_count=0.0, snow_count=0.0, lake_SR={blue=null, green=null, red=null, nir=null, swir1=null, swir2=null}}",0.318,570.0,2014-08-01T10:26:54,213.43535162037037,0.0,"{blue=null, green=null, red=null, nir=null, swir1=null, swir2=null, tir1=null, tir2=null}",32.802284240722656,"{lake_TIR=null, bkgd_BT=-11.878650866056743, lake_BT=null, bkgd_TIR=4.944401196874025}","{blue=578, green=577, red=573, nir=570, swir1=571, swir2=575, tir1=575, tir2=575}","{""geodesic"":true,""type"":""Polygon"",""coordinates"":[[[2.8818679999999994,45.499909],[2.8817400000000006,45.492129],[2.89423,45.49203200000001],[2.894705,45.49992400000001],[2.8818679999999994,45.499909]]]}"
LE71970282014229ASN00,1.9100006103515625,"{shadow_count=79.0, cloud_count=0.0, water_count=196.0, snow_count=0.0, lake_SR={blue=0.02289183673469387, green=0.018608673469387767, red=0.004364795918367338, nir=0.017482653061224488, swir1=0.005573469387755118, swir2=0.0031923469387755156}}",0.318,250.0,2014-08-17T10:26:54,229.43535533564815,7.0,"{blue=40.691000495638164, green=23.15472572190421, red=9.811023303440638, nir=5.423734647887094, swir1=0.49151967763900756, swir2=0.015728317201137543, tir1=7.782047301530838, tir2=7.763779482493798}",36.74457931518555,"{lake_TIR=7.782047301530838, bkgd_BT=17.74969755769507, lake_BT=14.441436767578125, bkgd_TIR=8.193127735461925}","{blue=570, green=569, red=566, nir=564, swir1=548, swir2=550, tir1=538, tir2=538}","{""geodesic"":true,""type"":""Polygon"",""coordinates"":[[[2.8818679999999994,45.499909],[2.8817400000000006,45.492129],[2.89423,45.49203200000001],[2.894705,45.49992400000001],[2.8818679999999994,45.499909]]]}"
LE71970282014245ASN00,2.330000305175781,"{shadow_count=0.0, cloud_count=0.0, water_count=144.0, snow_count=0.0, lake_SR={blue=0.019749305555555555, green=0.015570833333333332, red=0.003025694444444444, nir=0.01563263888888889, swir1=0.003719444444444445, swir2=0.0014631944444444447}}",0.287,288.0,2014-09-02T10:26:54,245.43535238425926,1.0,"{blue=36.305511236190796, green=20.21653664112091, red=8.19527530670166, nir=4.592913508415222, swir1=null, swir2=-0.017519712448120117, tir1=null, tir2=null}",41.476341247558594,"{lake_TIR=null, bkgd_BT=15.399398061964247, lake_BT=null, bkgd_TIR=7.901079454640341}","{blue=533, green=528, red=525, nir=522, swir1=511, swir2=515, tir1=508, tir2=508}","{""geodesic"":true,""type"":""Polygon"",""coordinates"":[[[2.8818679999999994,45.499909],[2.8817400000000006,45.492129],[2.89423,45.49203200000001],[2.894705,45.49992400000001],[2.8818679999999994,45.499909]]]}"
LE71970282014261ASN00,3.3100006103515627,"{shadow_count=0.0, cloud_count=0.0, water_count=0.0, snow_count=0.0, lake_SR={blue=null, green=null, red=null, nir=null, swir1=null, swir2=null}}",0.286,494.0,2014-09-18T10:26:58,261.4353939930556,0.0,"{blue=null, green=null, red=null, nir=null, swir1=null, swir2=null, tir1=null, tir2=null}",46.771751403808594,"{lake_TIR=null, bkgd_BT=10.363767835828993, lake_BT=null, bkgd_TIR=5.266540570224789}","{blue=520, green=517, red=513, nir=510, swir1=339, swir2=505, tir1=26, tir2=26}","{""geodesic"":true,""type"":""Polygon"",""coordinates"":[[[2.8818679999999994,45.499909],[2.8817400000000006,45.492129],[2.89423,45.49203200000001],[2.894705,45.49992400000001],[2.8818679999999994,45.499909]]]}"
LE71970282014277EDC00,2.0899993896484377,"{shadow_count=0.0, cloud_count=0.0, water_count=78.0, snow_count=0.0, lake_SR={blue=0.022702564102564098, green=0.014934615384615393, red=0.0023769230769230786, nir=0.013148717948717943, swir1=0.003538461538461543, swir2=0.0016153846153846153}}",0.26,240.0,2014-10-04T10:27:10,277.4355360416667,47.0,"{blue=34.062523512130085, green=18.465362556437228, red=8.094404707563685, nir=4.428396647280835, swir1=0.22834077986275278, swir2=0.032230621067489064, tir1=7.611934814336045, tir2=7.625931210959187}",52.40132522583008,"{lake_TIR=7.611934814336045, bkgd_BT=14.512049658823821, lake_BT=13.038186209542411, bkgd_TIR=6.614547151294972}","{blue=525, green=522, red=518, nir=513, swir1=505, swir2=510, tir1=247, tir2=221}","{""geodesic"":true,""type"":""Polygon"",""coordinates"":[[[2.8818679999999994,45.499909],[2.8817400000000006,45.492129],[2.89423,45.49203200000001],[2.894705,45.49992400000001],[2.8818679999999994,45.499909]]]}"
LE71970282014293EDC00,2.7700000762939454,"{shadow_count=0.0, cloud_count=377.0, water_count=0.0, snow_count=0.0, lake_SR={blue=null, green=null, red=null, nir=null, swir1=null, swir2=null}}",0.247,554.0,2014-10-20T10:27:19,293.4356389814815,0.0,"{blue=null, green=null, red=null, nir=null, swir1=null, swir2=null, tir1=null, tir2=null}",58.00180244445801,"{lake_TIR=null, bkgd_BT=1.827755126953125, lake_BT=null, bkgd_TIR=1.7774183976181437}","{blue=561, green=560, red=557, nir=554, swir1=556, swir2=558, tir1=388, tir2=361}","{""geodesic"":true,""type"":""Polygon"",""coordinates"":[[[2.8818679999999994,45.499909],[2.8817400000000006,45.492129],[2.89423,45.49203200000001],[2.894705,45.49992400000001],[2.8818679999999994,45.499909]]]}"
LE71970282014325ASN00,2.0700000762939452,"{shadow_count=0.0, cloud_count=0.0, water_count=82.0, snow_count=0.0, lake_SR={blue=0.025420731707317085, green=0.01888414634146343, red=0.01059268292682926, nir=0.016592682926829257, swir1=0.0057182926829268356, swir2=0.0014487804878048785}}",0.244,215.0,2014-11-21T10:27:31,325.43578614583333,64.0,"{blue=23.92651901766658, green=12.730635784566402, red=5.9567911028862, nir=2.59715792350471, swir1=0.1769949616543178, swir2=0.018545946832430566, tir1=6.95975708173854, tir2=6.939606267533132}",67.39345932006836,"{lake_TIR=6.95975708173854, bkgd_BT=9.599043967507102, lake_BT=7.487576729910714, bkgd_TIR=5.046879018140826}","{blue=526, green=523, red=519, nir=517, swir1=507, swir2=512, tir1=253, tir2=240}","{""geodesic"":true,""type"":""Polygon"",""coordinates"":[[[2.8818679999999994,45.499909],[2.8817400000000006,45.492129],[2.89423,45.49203200000001],[2.894705,45.49992400000001],[2.8818679999999994,45.499909]]]}"
LE71970282014357ASN00,0.7099999904632568,"{shadow_count=0.0, cloud_count=0.0, water_count=405.0, snow_count=0.0, lake_SR={blue=0.025038271604938316, green=0.01753654320987656, red=0.007738765432098768, nir=0.012323703703703667, swir1=0.005259506172839523, swir2=0.0031846913580246927}}",0.258,127.0,2014-12-23T10:27:48,357.4359746412037,285.0,"{blue=21.64337647170351, green=11.258101899372903, red=5.079512582745468, nir=2.1731039756222774, swir1=0.12500863749047983, swir2=0.019340167612695008, tir1=6.585292448851276, tir2=6.588695453096195}",71.44715118408203,"{lake_TIR=6.585292448851276, bkgd_BT=8.795499122748941, lake_BT=4.178358556625994, bkgd_TIR=7.112318216112711}","{blue=623, green=619, red=618, nir=616, swir1=602, swir2=604, tir1=589, tir2=589}","{""geodesic"":true,""type"":""Polygon"",""coordinates"":[[[2.8818679999999994,45.499909],[2.8817400000000006,45.492129],[2.89423,45.49203200000001],[2.894705,45.49992400000001],[2.8818679999999994,45.499909]]]}"
LE71970282015008ASN00,2.3799999237060545,"{shadow_count=93.0, cloud_count=355.0, water_count=10.0, snow_count=0.0, lake_SR={blue=0.045840000000000006, green=0.04092, red=0.03337, nir=0.04454000000000001, swir1=0.04126, swir2=0.03537}}",0.278,397.0,2015-01-08T10:27:49,8.435994502314815,0.0,"{blue=null, green=null, red=null, nir=null, swir1=null, swir2=null, tir1=null, tir2=null}",70.73061561584473,"{lake_TIR=null, bkgd_BT=-0.13604292436079546, lake_BT=null, bkgd_TIR=6.1170795011249455}","{blue=588, green=587, red=583, nir=579, swir1=584, swir2=586, tir1=585, tir2=585}","{""geodesic"":true,""type"":""Polygon"",""coordinates"":[[[2.8818679999999994,45.499909],[2.8817400000000006,45.492129],[2.89423,45.49203200000001],[2.894705,45.49992400000001],[2.8818679999999994,45.499909]]]}"
LE71970282015040ASN00,0.8800000190734864,"{shadow_count=0.0, cloud_count=93.0, water_count=53.0, snow_count=446.0, lake_SR={blue=0.18687547169811317, green=0.11717735849056607, red=0.0818018867924528, nir=0.07227735849056605, swir1=0.0023528301886792473, swir2=0.00289245283018868}}",0.345,584.0,2015-02-09T10:27:57,40.436083171296296,0.0,"{blue=null, green=null, red=null, nir=null, swir1=null, swir2=null, tir1=null, tir2=null}",63.96265411376953,"{lake_TIR=null, bkgd_BT=-5.96148681640625, lake_BT=null, bkgd_TIR=5.515607616788632}","{blue=649, green=648, red=645, nir=643, swir1=628, swir2=631, tir1=620, tir2=620}","{""geodesic"":true,""type"":""Polygon"",""coordinates"":[[[2.8818679999999994,45.499909],[2.8817400000000006,45.492129],[2.89423,45.49203200000001],[2.894705,45.49992400000001],[2.8818679999999994,45.499909]]]}"
LE71970282015056ASN00,1.4699999809265136,"{shadow_count=0.0, cloud_count=485.0, water_count=0.0, snow_count=0.0, lake_SR={blue=null, green=null, red=null, nir=null, swir1=null, swir2=null}}",0.383,520.0,2015-02-25T10:28:05,56.436179421296295,0.0,"{blue=null, green=null, red=null, nir=null, swir1=null, swir2=null, tir1=null, tir2=null}",58.540414810180664,"{lake_TIR=null, bkgd_BT=-24.330747449720228, lake_BT=null, bkgd_TIR=3.8583869193051314}","{blue=531, green=527, red=525, nir=520, swir1=511, swir2=513, tir1=506, tir2=506}","{""geodesic"":true,""type"":""Polygon"",""coordinates"":[[[2.8818679999999994,45.499909],[2.8817400000000006,45.492129],[2.89423,45.49203200000001],[2.894705,45.49992400000001],[2.8818679999999994,45.499909]]]}"
LE71970282015072ASN00,0.7900000095367432,"{shadow_count=0.0, cloud_count=263.0, water_count=0.0, snow_count=0.0, lake_SR={blue=null, green=null, red=null, nir=null, swir1=null, swir2=null}}",0.347,612.0,2015-03-13T10:28:11,72.43624697916667,0.0,"{blue=null, green=null, red=null, nir=null, swir1=null, swir2=null, tir1=null, tir2=null}",52.39623260498047,"{lake_TIR=null, bkgd_BT=-26.669461418600644, lake_BT=null, bkgd_TIR=1.7349343960069947}","{blue=620, green=620, red=615, nir=612, swir1=612, swir2=616, tir1=287, tir2=260}","{""geodesic"":true,""type"":""Polygon"",""coordinates"":[[[2.8818679999999994,45.499909],[2.8817400000000006,45.492129],[2.89423,45.49203200000001],[2.894705,45.49992400000001],[2.8818679999999994,45.499909]]]}"
LE71970282015104NSG00,1.0800000190734864,"{shadow_count=0.0, cloud_count=0.0, water_count=358.0, snow_count=0.0, lake_SR={blue=0.023973743016759794, green=0.021472625698324012, red=0.010854469273743023, nir=0.01754776536312844, swir1=0.008896648044692718, swir2=0.005077374301675954}}",0.329,229.0,2015-04-14T10:28:28,104.43644453703703,15.0,"{blue=36.777794694900514, green=20.539161324501038, red=9.200629615783692, nir=4.592913508415222, swir1=0.4660236140092214, swir2=0.05784248809019724, tir1=7.120126036802928, tir2=7.126338547964891}",39.971435546875,"{lake_TIR=7.120126036802928, bkgd_BT=22.727032823507496, lake_BT=8.966973876953125, bkgd_TIR=8.63595973167619}","{blue=656, green=653, red=651, nir=646, swir1=636, swir2=639, tir1=629, tir2=629}","{""geodesic"":true,""type"":""Polygon"",""coordinates"":[[[2.8818679999999994,45.499909],[2.8817400000000006,45.492129],[2.89423,45.49203200000001],[2.894705,45.49992400000001],[2.8818679999999994,45.499909]]]}"
LE71970282015120NSG00,2.0600000381469727,"{shadow_count=0.0, cloud_count=516.0, water_count=0.0, snow_count=0.0, lake_SR={blue=null, green=null, red=null, nir=null, swir1=null, swir2=null}}",0.342,608.0,2015-04-30T10:28:34,120.43650880787037,0.0,"{blue=null, green=null, red=null, nir=null, swir1=null, swir2=null, tir1=null, tir2=null}",34.674922943115234,"{lake_TIR=null, bkgd_BT=-11.65215352376302, lake_BT=null, bkgd_TIR=1.7521445242797626}","{blue=616, green=614, red=612, nir=608, swir1=608, swir2=611, tir1=531, tir2=504}","{""geodesic"":true,""type"":""Polygon"",""coordinates"":[[[2.8818679999999994,45.499909],[2.8817400000000006,45.492129],[2.89423,45.49203200000001],[2.894705,45.49992400000001],[2.8818679999999994,45.499909]]]}"
LE71970282015136NSG00,2.4200000762939453,"{shadow_count=13.0, cloud_count=0.0, water_count=100.0, snow_count=0.0, lake_SR={blue=0.044303999999999955, green=0.029931000000000055, red=0.008432000000000007, nir=0.022417999999999973, swir1=0.004985000000000001, swir2=0.004428}}",0.333,373.0,2015-05-16T10:28:42,136.4366071412037,0.0,"{blue=null, green=null, red=null, nir=null, swir1=null, swir2=null, tir1=null, tir2=null}",30.593585968017578,"{lake_TIR=null, bkgd_BT=12.908028296345284, lake_BT=null, bkgd_TIR=7.593177830617559}","{blue=533, green=531, red=526, nir=523, swir1=511, swir2=515, tir1=507, tir2=507}","{""geodesic"":true,""type"":""Polygon"",""coordinates"":[[[2.8818679999999994,45.499909],[2.8817400000000006,45.492129],[2.89423,45.49203200000001],[2.894705,45.49992400000001],[2.8818679999999994,45.499909]]]}"
LE71970282015168NSG00,9.969209968386869E35,"{shadow_count=43.0, cloud_count=422.0, water_count=17.0, snow_count=0.0, lake_SR={blue=0.04368823529411765, green=0.035805882352941173, red=0.01678235294117647, nir=0.034699999999999995, swir1=0.015600000000000006, swir2=0.011547058823529412}}",0.323,414.0,2015-06-17T10:28:52,168.43672289351852,0.0,"{blue=null, green=null, red=null, nir=null, swir1=null, swir2=null, tir1=null, tir2=null}",27.204090118408203,"{lake_TIR=null, bkgd_BT=10.003706674727182, lake_BT=null, bkgd_TIR=7.249613851781875}","{blue=550, green=548, red=545, nir=542, swir1=529, swir2=532, tir1=518, tir2=518}","{""geodesic"":true,""type"":""Polygon"",""coordinates"":[[[2.8818679999999994,45.499909],[2.8817400000000006,45.492129],[2.89423,45.49203200000001],[2.894705,45.49992400000001],[2.8818679999999994,45.499909]]]}"
LE71970282015184NSG00,3.1700000762939453,"{shadow_count=0.0, cloud_count=486.0, water_count=0.0, snow_count=0.0, lake_SR={blue=null, green=null, red=null, nir=null, swir1=null, swir2=null}}",0.319,520.0,2015-07-03T10:28:55,184.43675733796297,0.0,"{blue=null, green=null, red=null, nir=null, swir1=null, swir2=null, tir1=null, tir2=null}",27.929901123046875,"{lake_TIR=null, bkgd_BT=3.8370732846467392, lake_BT=null, bkgd_TIR=6.552612167499635}","{blue=531, green=527, red=525, nir=520, swir1=511, swir2=514, tir1=505, tir2=505}","{""geodesic"":true,""type"":""Polygon"",""coordinates"":[[[2.8818679999999994,45.499909],[2.8817400000000006,45.492129],[2.89423,45.49203200000001],[2.894705,45.49992400000001],[2.8818679999999994,45.499909]]]}"
LE71970282015200ASN00,3.6099998474121096,"{shadow_count=0.0, cloud_count=507.0, water_count=0.0, snow_count=0.0, lake_SR={blue=null, green=null, red=null, nir=null, swir1=null, swir2=null}}",0.313,532.0,2015-07-19T10:29:00,200.43681604166667,0.0,"{blue=null, green=null, red=null, nir=null, swir1=null, swir2=null, tir1=null, tir2=null}",30.00472640991211,"{lake_TIR=null, bkgd_BT=4.154121398925781, lake_BT=null, bkgd_TIR=6.576884188024061}","{blue=540, green=538, red=534, nir=532, swir1=525, swir2=529, tir1=527, tir2=527}","{""geodesic"":true,""type"":""Polygon"",""coordinates"":[[[2.8818679999999994,45.499909],[2.8817400000000006,45.492129],[2.89423,45.49203200000001],[2.894705,45.49992400000001],[2.8818679999999994,45.499909]]]}"
LE71970282015232NSG00,2.7899999618530273,"{shadow_count=0.0, cloud_count=0.0, water_count=101.0, snow_count=0.0, lake_SR={blue=0.03419801980198023, green=0.02615940594059403, red=0.010480198019801983, nir=0.02435643564356435, swir1=0.005775247524752469, swir2=0.003161386138613866}}",0.322,352.0,2015-08-20T10:29:06,232.43688631944445,0.0,"{blue=null, green=null, red=null, nir=null, swir1=null, swir2=null, tir1=null, tir2=null}",37.30183029174805,"{lake_TIR=null, bkgd_BT=18.903204165430513, lake_BT=null, bkgd_TIR=8.337210267852944}","{blue=536, green=531, red=528, nir=525, swir1=513, swir2=518, tir1=509, tir2=509}","{""geodesic"":true,""type"":""Polygon"",""coordinates"":[[[2.8818679999999994,45.499909],[2.8817400000000006,45.492129],[2.89423,45.49203200000001],[2.894705,45.49992400000001],[2.8818679999999994,45.499909]]]}"
LE71970282015264NSG00,1.6,"{shadow_count=0.0, cloud_count=0.0, water_count=105.0, snow_count=0.0, lake_SR={blue=0.020762857142857152, green=0.015717142857142867, red=0.00497714285714286, nir=0.015839047619047617, swir1=0.004190476190476193, swir2=0.002055238095238097}}",0.291,344.0,2015-09-21T10:29:13,264.4369615277778,5.0,"{blue=33.23566875457764, green=18.76472556591034, red=7.441259574890137, nir=4.399055242538452, swir1=0.3385432958602905, swir2=0.00907871127128601, tir1=7.6747087180614475, tir2=7.686889719963074}",47.59381866455078,"{lake_TIR=7.6747087180614475, bkgd_BT=15.547636220152949, lake_BT=13.64227294921875, bkgd_TIR=7.912441003280626}","{blue=541, green=537, red=533, nir=532, swir1=520, swir2=524, tir1=515, tir2=515}","{""geodesic"":true,""type"":""Polygon"",""coordinates"":[[[2.8818679999999994,45.499909],[2.8817400000000006,45.492129],[2.89423,45.49203200000001],[2.894705,45.49992400000001],[2.8818679999999994,45.499909]]]}"
LE71970282015280NSG00,1.85,"{shadow_count=0.0, cloud_count=0.0, water_count=0.0, snow_count=0.0, lake_SR={blue=null, green=null, red=null, nir=null, swir1=null, swir2=null}}",0.302,511.0,2015-10-07T10:29:18,280.43701902777775,0.0,"{blue=null, green=null, red=null, nir=null, swir1=null, swir2=null, tir1=null, tir2=null}",53.25114822387695,"{lake_TIR=null, bkgd_BT=null, lake_BT=null, bkgd_TIR=0.0}","{blue=520, green=518, red=514, nir=511, swir1=236, swir2=505, tir1=6, tir2=6}","{""geodesic"":true,""type"":""Polygon"",""coordinates"":[[[2.8818679999999994,45.499909],[2.8817400000000006,45.492129],[2.89423,45.49203200000001],[2.894705,45.49992400000001],[2.8818679999999994,45.499909]]]}"
LE71970282015312NSG00,2.0600000381469727,"{shadow_count=0.0, cloud_count=0.0, water_count=0.0, snow_count=0.0, lake_SR={blue=null, green=null, red=null, nir=null, swir1=null, swir2=null}}",0.253,251.0,2015-11-08T10:29:50,312.43739577546296,26.0,"{blue=26.90525393302624, green=15.19103676539201, red=6.999000347577608, nir=3.474500436049241, swir1=0.36060719707837474, swir2=0.08478191724190345, tir1=null, tir2=null}",63.84681510925293,"{lake_TIR=null, bkgd_BT=-6.617058753967285, lake_BT=null, bkgd_TIR=3.4284790969992938}","{blue=615, green=612, red=611, nir=607, swir1=560, swir2=608, tir1=64, tir2=64}","{""geodesic"":true,""type"":""Polygon"",""coordinates"":[[[2.8818679999999994,45.499909],[2.8817400000000006,45.492129],[2.89423,45.49203200000001],[2.894705,45.49992400000001],[2.8818679999999994,45.499909]]]}"
LE71970282015328NSG00,1.5199999809265137,"{shadow_count=0.0, cloud_count=186.0, water_count=0.0, snow_count=0.0, lake_SR={blue=null, green=null, red=null, nir=null, swir1=null, swir2=null}}",0.288,515.0,2015-11-24T10:30:06,328.43757679398146,0.0,"{blue=null, green=null, red=null, nir=null, swir1=null, swir2=null, tir1=null, tir2=null}",67.87821578979492,"{lake_TIR=null, bkgd_BT=-25.538489205496653, lake_BT=null, bkgd_TIR=1.25228347380956}","{blue=527, green=523, red=520, nir=515, swir1=507, swir2=511, tir1=219, tir2=212}","{""geodesic"":true,""type"":""Polygon"",""coordinates"":[[[2.8818679999999994,45.499909],[2.8817400000000006,45.492129],[2.89423,45.49203200000001],[2.894705,45.49992400000001],[2.8818679999999994,45.499909]]]}"
LE71970282015344NSG00,0.3900000095367432,"{shadow_count=0.0, cloud_count=0.0, water_count=295.0, snow_count=0.0, lake_SR={blue=0.0447698305084746, green=0.03733593220338983, red=0.028966779661016972, nir=0.039756271186440775, swir1=0.025813559322033813, swir2=0.01910203389830509}}",0.297,140.0,2015-12-10T10:30:21,344.4377512615741,0.0,"{blue=null, green=null, red=null, nir=null, swir1=null, swir2=null, tir1=null, tir2=null}",70.47357177734375,"{lake_TIR=null, bkgd_BT=2.994138656123992, lake_BT=null, bkgd_TIR=2.8550146442438873}","{blue=599, green=597, red=596, nir=592, swir1=580, swir2=581, tir1=537, tir2=528}","{""geodesic"":true,""type"":""Polygon"",""coordinates"":[[[2.8818679999999994,45.499909],[2.8817400000000006,45.492129],[2.89423,45.49203200000001],[2.894705,45.49992400000001],[2.8818679999999994,45.499909]]]}"
LE71970282015360NSG00,1.45,"{shadow_count=0.0, cloud_count=22.0, water_count=399.0, snow_count=0.0, lake_SR={blue=0.02887694235588954, green=0.021643859649122802, red=0.012144360902255666, nir=0.01516491228070173, swir1=0.006709273182957365, swir2=0.004519298245614036}}",0.27,159.0,2015-12-26T10:30:35,360.43790702546295,260.0,"{blue=22.473055320519666, green=11.91980860554255, red=5.701223270709698, nir=2.393367799428793, swir1=0.1592740984633565, swir2=0.031640798317319224, tir1=6.518050291826801, tir2=6.529527534035936}",71.30706977844238,"{lake_TIR=6.518050291826801, bkgd_BT=7.437580226622906, lake_BT=3.6493065243675593, bkgd_TIR=6.736837844997645}","{blue=657, green=652, red=650, nir=645, swir1=637, swir2=639, tir1=629, tir2=629}","{""geodesic"":true,""type"":""Polygon"",""coordinates"":[[[2.8818679999999994,45.499909],[2.8817400000000006,45.492129],[2.89423,45.49203200000001],[2.894705,45.49992400000001],[2.8818679999999994,45.499909]]]}"
LE71970291999204FUI00,1.8899993896484375,"{shadow_count=0.0, cloud_count=0.0, water_count=0.0, snow_count=0.0, lake_SR={blue=null, green=null, red=null, nir=null, swir1=null, swir2=null}}",0.332,965.0,1999-07-23T10:22:28,204.43227199074073,0.0,"{blue=null, green=null, red=null, nir=null, swir1=null, swir2=null, tir1=null, tir2=null}",30.636566162109375,"{lake_TIR=null, bkgd_BT=null, lake_BT=null, bkgd_TIR=null}","{blue=965, green=965, red=965, nir=965, swir1=626, swir2=965, tir1=0, tir2=0}","{""geodesic"":true,""type"":""Polygon"",""coordinates"":[[[2.8818679999999994,45.499909],[2.8817400000000006,45.492129],[2.89423,45.49203200000001],[2.894705,45.49992400000001],[2.8818679999999994,45.499909]]]}"
LE71970291999220AGS00,2.230000305175781,"{shadow_count=194.0, cloud_count=449.0, water_count=34.0, snow_count=0.0, lake_SR={blue=0.025138235294117656, green=0.017991176470588236, red=0.005570588235294118, nir=0.018164705882352934, swir1=0.005626470588235295, swir2=0.004258823529411766}}",0.308,598.0,1999-08-08T10:22:34,220.43234030092592,1.0,"{blue=43.63937067985535, green=24.753936767578125, red=11.162992477416992, nir=5.775984168052673, swir1=0.5146457701921463, swir2=0.04507870972156525, tir1=7.983307145535946, tir2=7.9994093999266624}",33.92271041870117,"{lake_TIR=7.983307145535946, bkgd_BT=17.57325029216829, lake_BT=16.160064697265625, bkgd_TIR=8.163891114856376}","{blue=965, green=965, red=965, nir=965, swir1=965, swir2=965, tir1=712, tir2=712}","{""geodesic"":true,""type"":""Polygon"",""coordinates"":[[[2.8818679999999994,45.499909],[2.8817400000000006,45.492129],[2.89423,45.49203200000001],[2.894705,45.49992400000001],[2.8818679999999994,45.499909]]]}"
LE71970291999236EDC00,2.9399993896484373,"{shadow_count=0.0, cloud_count=0.0, water_count=131.0, snow_count=0.0, lake_SR={blue=0.019182442748091597, green=0.014741984732824452, red=0.0022312977099236617, nir=0.014549618320610674, swir1=0.004461832061068698, swir2=0.0022366412213740425}}",0.304,496.0,1999-08-24T10:22:34,236.43234166666667,16.0,"{blue=39.064272195100784, green=21.7583659440279, red=8.90949833393097, nir=5.136220395565033, swir1=0.3016487108543515, swir2=0.04233510745689273, tir1=8.399244156479835, tir2=8.408661361783743}",38.068626403808594,"{lake_TIR=8.399244156479835, bkgd_BT=26.913430288936315, lake_BT=19.46776123046875, bkgd_TIR=9.380489541055487}","{blue=965, green=965, red=965, nir=965, swir1=965, swir2=965, tir1=379, tir2=379}","{""geodesic"":true,""type"":""Polygon"",""coordinates"":[[[2.8818679999999994,45.499909],[2.8817400000000006,45.492129],[2.89423,45.49203200000001],[2.894705,45.49992400000001],[2.8818679999999994,45.499909]]]}"
LE71970291999252FUI00,2.4100006103515623,"{shadow_count=7.0, cloud_count=0.0, water_count=0.0, snow_count=0.0, lake_SR={blue=null, green=null, red=null, nir=null, swir1=null, swir2=null}}",0.294,474.0,1999-09-09T10:22:33,252.43233349537036,0.0,"{blue=null, green=null, red=null, nir=null, swir1=null, swir2=null, tir1=null, tir2=null}",42.91500473022461,"{lake_TIR=null, bkgd_BT=20.138150126517484, lake_BT=null, bkgd_TIR=8.4867061481683}","{blue=965, green=965, red=965, nir=965, swir1=964, swir2=965, tir1=24, tir2=24}","{""geodesic"":true,""type"":""Polygon"",""coordinates"":[[[2.8818679999999994,45.499909],[2.8817400000000006,45.492129],[2.89423,45.49203200000001],[2.894705,45.49992400000001],[2.8818679999999994,45.499909]]]}"
LE71970291999284EDC00,2.4300003051757812,"{shadow_count=0.0, cloud_count=0.0, water_count=426.0, snow_count=0.0, lake_SR={blue=0.021678403755868526, green=0.014788732394366188, red=0.004020187793427228, nir=0.011254460093896723, swir1=0.003928169014084512, swir2=0.0019183098591549275}}",0.267,434.0,1999-10-11T10:22:41,284.4324241550926,283.0,"{blue=31.19053492613479, green=16.41573538923432, red=7.083802883700852, nir=3.610282068960237, swir1=0.2077917420295439, swir2=0.03142856135174579, tir1=7.41247828291604, tir2=7.410707091800737}",53.84885025024414,"{lake_TIR=7.41247828291604, bkgd_BT=13.848575986664871, lake_BT=11.456645844260711, bkgd_TIR=7.700529904396859}","{blue=965, green=965, red=965, nir=965, swir1=965, swir2=965, tir1=965, tir2=965}","{""geodesic"":true,""type"":""Polygon"",""coordinates"":[[[2.8818679999999994,45.499909],[2.8817400000000006,45.492129],[2.89423,45.49203200000001],[2.894705,45.49992400000001],[2.8818679999999994,45.499909]]]}"
LE71970291999300FUI00,1.15,"{shadow_count=0.0, cloud_count=0.0, water_count=467.0, snow_count=0.0, lake_SR={blue=0.022280728051391828, green=0.016153319057815856, red=0.007208779443254791, nir=0.012522698072805219, swir1=0.004655246252676668, swir2=0.002486509635974314}}",0.28,358.0,1999-10-27T10:22:32,300.43232368055556,321.0,"{blue=27.031099067670162, green=14.038316442587666, red=6.1917006382689666, nir=2.967799883208171, swir1=0.1615429954643933, swir2=0.02702734528857971, tir1=7.256848975482202, tir2=7.255778534088365}",59.254451751708984,"{lake_TIR=7.256848975482202, bkgd_BT=12.063294800572425, lake_BT=10.138893579025506, bkgd_TIR=7.485431640449935}","{blue=965, green=965, red=965, nir=965, swir1=965, swir2=965, tir1=965, tir2=965}","{""geodesic"":true,""type"":""Polygon"",""coordinates"":[[[2.8818679999999994,45.499909],[2.8817400000000006,45.492129],[2.89423,45.49203200000001],[2.894705,45.49992400000001],[2.8818679999999994,45.499909]]]}"
LE71970291999332EDC00,0.7899993896484375,"{shadow_count=0.0, cloud_count=0.0, water_count=0.0, snow_count=0.0, lake_SR={blue=null, green=null, red=null, nir=null, swir1=null, swir2=null}}",0.224,965.0,1999-11-28T10:22:26,332.4322511689815,0.0,"{blue=null, green=null, red=null, nir=null, swir1=null, swir2=null, tir1=null, tir2=null}",67.79757690429688,"{lake_TIR=null, bkgd_BT=null, lake_BT=null, bkgd_TIR=null}","{blue=965, green=965, red=965, nir=965, swir1=241, swir2=965, tir1=0, tir2=0}","{""geodesic"":true,""type"":""Polygon"",""coordinates"":[[[2.8818679999999994,45.499909],[2.8817400000000006,45.492129],[2.89423,45.49203200000001],[2.894705,45.49992400000001],[2.8818679999999994,45.499909]]]}"
LE71970291999348NSG00,0.9,"{shadow_count=0.0, cloud_count=965.0, water_count=0.0, snow_count=0.0, lake_SR={blue=null, green=null, red=null, nir=null, swir1=null, swir2=null}}",0.33,965.0,1999-12-14T10:22:37,348.43237606481483,0.0,"{blue=null, green=null, red=null, nir=null, swir1=null, swir2=null, tir1=null, tir2=null}",70.03889656066895,"{lake_TIR=null, bkgd_BT=null, lake_BT=null, bkgd_TIR=null}","{blue=965, green=965, red=965, nir=965, swir1=965, swir2=965, tir1=965, tir2=965}","{""geodesic"":true,""type"":""Polygon"",""coordinates"":[[[2.8818679999999994,45.499909],[2.8817400000000006,45.492129],[2.89423,45.49203200000001],[2.894705,45.49992400000001],[2.8818679999999994,45.499909]]]}"
LE71970291999364FUI00,1.05,"{shadow_count=0.0, cloud_count=0.0, water_count=0.0, snow_count=0.0, lake_SR={blue=null, green=null, red=null, nir=null, swir1=null, swir2=null}}",0.334,468.0,1999-12-30T10:22:27,364.4322573148148,0.0,"{blue=null, green=null, red=null, nir=null, swir1=null, swir2=null, tir1=null, tir2=null}",70.4956169128418,"{lake_TIR=null, bkgd_BT=null, lake_BT=null, bkgd_TIR=null}","{blue=965, green=965, red=965, nir=965, swir1=369, swir2=965, tir1=0, tir2=0}","{""geodesic"":true,""type"":""Polygon"",""coordinates"":[[[2.8818679999999994,45.499909],[2.8817400000000006,45.492129],[2.89423,45.49203200000001],[2.894705,45.49992400000001],[2.8818679999999994,45.499909]]]}"
LE71970292000015NSG00,0.7100006103515625,"{shadow_count=177.0, cloud_count=0.0, water_count=51.0, snow_count=98.0, lake_SR={blue=0.06582352941176468, green=0.04075882352941175, red=0.024101960784313717, nir=0.02134313725490197, swir1=0.0025745098039215673, swir2=7.843137254901958E-4}}",0.342,336.0,2000-01-15T10:22:28,15.432277256944445,342.0,"{blue=30.75600264365213, green=16.333638273310243, red=8.34192136574907, nir=3.5255870385128154, swir1=0.1038756128727344, swir2=0.020049355728061574, tir1=5.828460235493602, tir2=5.829822820990726}",69.06148910522461,"{lake_TIR=5.828460235493602, bkgd_BT=null, lake_BT=-2.8109303227177374, bkgd_TIR=null}","{blue=965, green=965, red=965, nir=965, swir1=965, swir2=965, tir1=353, tir2=353}","{""geodesic"":true,""type"":""Polygon"",""coordinates"":[[[2.8818679999999994,45.499909],[2.8817400000000006,45.492129],[2.89423,45.49203200000001],[2.894705,45.49992400000001],[2.8818679999999994,45.499909]]]}"
LE71970292000031EDC00,1.25,"{shadow_count=0.0, cloud_count=781.0, water_count=0.0, snow_count=0.0, lake_SR={blue=null, green=null, red=null, nir=null, swir1=null, swir2=null}}",0.278,965.0,2000-01-31T10:22:27,31.432263680555554,0.0,"{blue=null, green=null, red=null, nir=null, swir1=null, swir2=null, tir1=null, tir2=null}",65.85101890563965,"{lake_TIR=null, bkgd_BT=null, lake_BT=null, bkgd_TIR=null}","{blue=965, green=965, red=965, nir=965, swir1=965, swir2=965, tir1=783, tir2=783}","{""geodesic"":true,""type"":""Polygon"",""coordinates"":[[[2.8818679999999994,45.499909],[2.8817400000000006,45.492129],[2.89423,45.49203200000001],[2.894705,45.49992400000001],[2.8818679999999994,45.499909]]]}"
LE71970292000063FUI00,1.7,"{shadow_count=0.0, cloud_count=422.0, water_count=0.0, snow_count=0.0, lake_SR={blue=null, green=null, red=null, nir=null, swir1=null, swir2=null}}",0.275,965.0,2000-03-03T10:22:17,63.432145497685184,0.0,"{blue=null, green=null, red=null, nir=null, swir1=null, swir2=null, tir1=null, tir2=null}",55.46101760864258,"{lake_TIR=null, bkgd_BT=null, lake_BT=null, bkgd_TIR=null}","{blue=965, green=965, red=965, nir=965, swir1=965, swir2=965, tir1=422, tir2=422}","{""geodesic"":true,""type"":""Polygon"",""coordinates"":[[[2.8818679999999994,45.499909],[2.8817400000000006,45.492129],[2.89423,45.49203200000001],[2.894705,45.49992400000001],[2.8818679999999994,45.499909]]]}"
LE71970292000095EDC00,1.279998779296875,"{shadow_count=0.0, cloud_count=965.0, water_count=0.0, snow_count=0.0, lake_SR={blue=null, green=null, red=null, nir=null, swir1=null, swir2=null}}",0.405,965.0,2000-04-04T10:22:06,95.43201979166666,0.0,"{blue=null, green=null, red=null, nir=null, swir1=null, swir2=null, tir1=null, tir2=null}",43.01180648803711,"{lake_TIR=null, bkgd_BT=null, lake_BT=null, bkgd_TIR=null}","{blue=965, green=965, red=965, nir=965, swir1=965, swir2=965, tir1=965, tir2=965}","{""geodesic"":true,""type"":""Polygon"",""coordinates"":[[[2.8818679999999994,45.499909],[2.8817400000000006,45.492129],[2.89423,45.49203200000001],[2.894705,45.49992400000001],[2.8818679999999994,45.499909]]]}"
LE71970292000111EDC00,1.9399993896484375,"{shadow_count=0.0, cloud_count=0.0, water_count=428.0, snow_count=0.0, lake_SR={blue=0.025561682242990658, green=0.02187873831775703, red=0.009928971962616811, nir=0.014475934579439293, swir1=0.007050934579439231, swir2=0.004607009345794374}}",0.337,430.0,2000-04-20T10:21:56,111.4319059837963,165.0,"{blue=38.90557438821504, green=21.970173982056703, red=9.712467511494955, nir=4.681030901995572, swir1=0.3647111398704124, swir2=0.07860054102810947, tir1=7.158751663430171, tir2=7.150690730819196}",37.2960090637207,"{lake_TIR=7.156335607027779, bkgd_BT=null, lake_BT=9.278729952298677, bkgd_TIR=null}","{blue=965, green=965, red=965, nir=965, swir1=965, swir2=965, tir1=892, tir2=892}","{""geodesic"":true,""type"":""Polygon"",""coordinates"":[[[2.8818679999999994,45.499909],[2.8817400000000006,45.492129],[2.89423,45.49203200000001],[2.894705,45.49992400000001],[2.8818679999999994,45.499909]]]}"
LE71970292000143EDC00,1.35,"{shadow_count=0.0, cloud_count=965.0, water_count=0.0, snow_count=0.0, lake_SR={blue=null, green=null, red=null, nir=null, swir1=null, swir2=null}}",0.34,956.0,2000-05-22T10:21:39,143.4317128587963,0.0,"{blue=null, green=null, red=null, nir=null, swir1=null, swir2=null, tir1=null, tir2=null}",29.253887176513672,"{lake_TIR=null, bkgd_BT=null, lake_BT=null, bkgd_TIR=null}","{blue=965, green=965, red=965, nir=965, swir1=965, swir2=965, tir1=965, tir2=965}","{""geodesic"":true,""type"":""Polygon"",""coordinates"":[[[2.8818679999999994,45.499909],[2.8817400000000006,45.492129],[2.89423,45.49203200000001],[2.894705,45.49992400000001],[2.8818679999999994,45.499909]]]}"
LE71970292000159EDC00,1.6899993896484375,"{shadow_count=0.0, cloud_count=965.0, water_count=0.0, snow_count=0.0, lake_SR={blue=null, green=null, red=null, nir=null, swir1=null, swir2=null}}",0.299,965.0,2000-06-07T10:21:30,159.43159836805555,0.0,"{blue=null, green=null, red=null, nir=null, swir1=null, swir2=null, tir1=null, tir2=null}",27.56552505493164,"{lake_TIR=null, bkgd_BT=null, lake_BT=null, bkgd_TIR=null}","{blue=965, green=965, red=965, nir=965, swir1=965, swir2=965, tir1=965, tir2=965}","{""geodesic"":true,""type"":""Polygon"",""coordinates"":[[[2.8818679999999994,45.499909],[2.8817400000000006,45.492129],[2.89423,45.49203200000001],[2.894705,45.49992400000001],[2.8818679999999994,45.499909]]]}"
LE71970292000191FUI00,3.2199996948242187,"{shadow_count=0.0, cloud_count=965.0, water_count=0.0, snow_count=0.0, lake_SR={blue=null, green=null, red=null, nir=null, swir1=null, swir2=null}}",0.321,965.0,2000-07-09T10:21:11,191.43138851851853,0.0,"{blue=null, green=null, red=null, nir=null, swir1=null, swir2=null, tir1=null, tir2=null}",28.843528747558594,"{lake_TIR=null, bkgd_BT=null, lake_BT=null, bkgd_TIR=null}","{blue=965, green=965, red=965, nir=965, swir1=965, swir2=965, tir1=965, tir2=965}","{""geodesic"":true,""type"":""Polygon"",""coordinates"":[[[2.8818679999999994,45.499909],[2.8817400000000006,45.492129],[2.89423,45.49203200000001],[2.894705,45.49992400000001],[2.8818679999999994,45.499909]]]}"
LE71970292000223EDC01,2.029998779296875,"{shadow_count=0.0, cloud_count=0.0, water_count=349.0, snow_count=0.0, lake_SR={blue=0.02034813753581662, green=0.013567335243552999, red=0.0023051575931232055, nir=0.01377478510028657, swir1=0.004238681948424064, swir2=0.002336676217765044}}",0.298,498.0,2000-08-10T10:20:44,223.4310693287037,30.0,"{blue=39.667795825004575, green=20.78646963238716, red=8.59349110921224, nir=4.625223219394684, swir1=0.3084856534997622, swir2=0.04215220063924789, tir1=8.050393760204315, tir2=8.029173178970813}",34.79525375366211,"{lake_TIR=8.050393760204315, bkgd_BT=23.398382705020246, lake_BT=16.699563598632814, bkgd_TIR=8.911298150546875}","{blue=965, green=965, red=965, nir=965, swir1=965, swir2=965, tir1=965, tir2=965}","{""geodesic"":true,""type"":""Polygon"",""coordinates"":[[[2.8818679999999994,45.499909],[2.8817400000000006,45.492129],[2.89423,45.49203200000001],[2.894705,45.49992400000001],[2.8818679999999994,45.499909]]]}"
LE71970292000239FUI00,2.7899993896484374,"{shadow_count=0.0, cloud_count=965.0, water_count=0.0, snow_count=0.0, lake_SR={blue=null, green=null, red=null, nir=null, swir1=null, swir2=null}}",0.288,965.0,2000-08-26T10:20:37,239.43098912037038,0.0,"{blue=null, green=null, red=null, nir=null, swir1=null, swir2=null, tir1=null, tir2=null}",39.06398010253906,"{lake_TIR=null, bkgd_BT=null, lake_BT=null, bkgd_TIR=null}","{blue=965, green=965, red=965, nir=965, swir1=965, swir2=965, tir1=965, tir2=965}","{""geodesic"":true,""type"":""Polygon"",""coordinates"":[[[2.8818679999999994,45.499909],[2.8817400000000006,45.492129],[2.89423,45.49203200000001],[2.894705,45.49992400000001],[2.8818679999999994,45.499909]]]}"
LE71970292000255EDC00,1.929998779296875,"{shadow_count=0.0, cloud_count=0.0, water_count=372.0, snow_count=0.0, lake_SR={blue=0.0188247311827957, green=0.012305376344086006, red=0.0017381720430107437, nir=0.012089516129032264, swir1=0.003762903225806464, swir2=0.0019642473118279577}}",0.281,472.0,2000-09-11T10:20:20,255.43079259259258,53.0,"{blue=34.779364621864175, green=18.604538548667477, red=7.44480044886751, nir=4.0625465546014174, swir1=0.23600810766220093, swir2=0.03762439413453048, tir1=8.120011945237529, tir2=8.114533450946492}",44.01524353027344,"{lake_TIR=8.120011945237529, bkgd_BT=23.654650414661237, lake_BT=17.257332855800414, bkgd_TIR=8.94562564451943}","{blue=965, green=965, red=965, nir=965, swir1=965, swir2=965, tir1=965, tir2=965}","{""geodesic"":true,""type"":""Polygon"",""coordinates"":[[[2.8818679999999994,45.499909],[2.8817400000000006,45.492129],[2.89423,45.49203200000001],[2.894705,45.49992400000001],[2.8818679999999994,45.499909]]]}"
LE71970292000303EDC00,1.5399993896484374,"{shadow_count=0.0, cloud_count=840.0, water_count=0.0, snow_count=0.0, lake_SR={blue=null, green=null, red=null, nir=null, swir1=null, swir2=null}}",0.29,965.0,2000-10-29T10:20:00,303.4305636226852,0.0,"{blue=null, green=null, red=null, nir=null, swir1=null, swir2=null, tir1=null, tir2=null}",60.28381538391113,"{lake_TIR=null, bkgd_BT=null, lake_BT=null, bkgd_TIR=null}","{blue=965, green=965, red=965, nir=965, swir1=965, swir2=965, tir1=840, tir2=840}","{""geodesic"":true,""type"":""Polygon"",""coordinates"":[[[2.8818679999999994,45.499909],[2.8817400000000006,45.492129],[2.89423,45.49203200000001],[2.894705,45.49992400000001],[2.8818679999999994,45.499909]]]}"
LE71970292000319AGS00,1.120001220703125,"{shadow_count=0.0, cloud_count=0.0, water_count=0.0, snow_count=0.0, lake_SR={blue=null, green=null, red=null, nir=null, swir1=null, swir2=null}}",0.318,965.0,2000-11-14T10:20:00,319.430557349537,0.0,"{blue=null, green=null, red=null, nir=null, swir1=null, swir2=null, tir1=null, tir2=null}",64.92316246032715,"{lake_TIR=null, bkgd_BT=null, lake_BT=null, bkgd_TIR=null}","{blue=965, green=965, red=965, nir=965, swir1=919, swir2=965, tir1=0, tir2=0}","{""geodesic"":true,""type"":""Polygon"",""coordinates"":[[[2.8818679999999994,45.499909],[2.8817400000000006,45.492129],[2.89423,45.49203200000001],[2.894705,45.49992400000001],[2.8818679999999994,45.499909]]]}"
LE71970292000351EDC00,1.1899993896484375,"{shadow_count=41.0, cloud_count=253.0, water_count=0.0, snow_count=0.0, lake_SR={blue=null, green=null, red=null, nir=null, swir1=null, swir2=null}}",0.333,711.0,2000-12-16T10:20:04,351.43060877314815,1.0,"{blue=31.95826816558838, green=17.564566791057587, red=8.67637825012207, nir=3.856692850589752, swir1=0.2622048109769821, swir2=0.08897634595632553, tir1=6.306141778826714, tir2=6.362401552498341}",70.39549827575684,"{lake_TIR=6.306141778826714, bkgd_BT=null, lake_BT=1.71002197265625, bkgd_TIR=null}","{blue=965, green=965, red=965, nir=965, swir1=965, swir2=965, tir1=282, tir2=282}","{""geodesic"":true,""type"":""Polygon"",""coordinates"":[[[2.8818679999999994,45.499909],[2.8817400000000006,45.492129],[2.89423,45.49203200000001],[2.894705,45.49992400000001],[2.8818679999999994,45.499909]]]}"
LE71970292001017FUI00,1.1100006103515625,"{shadow_count=0.0, cloud_count=965.0, water_count=0.0, snow_count=0.0, lake_SR={blue=null, green=null, red=null, nir=null, swir1=null, swir2=null}}",0.306,965.0,2001-01-17T10:20:08,17.430657916666668,0.0,"{blue=null, green=null, red=null, nir=null, swir1=null, swir2=null, tir1=null, tir2=null}",68.79269981384277,"{lake_TIR=null, bkgd_BT=null, lake_BT=null, bkgd_TIR=null}","{blue=965, green=965, red=965, nir=965, swir1=965, swir2=965, tir1=965, tir2=965}","{""geodesic"":true,""type"":""Polygon"",""coordinates"":[[[2.8818679999999994,45.499909],[2.8817400000000006,45.492129],[2.89423,45.49203200000001],[2.894705,45.49992400000001],[2.8818679999999994,45.499909]]]}"
LE71970292001033FUI00,1.320001220703125,"{shadow_count=699.0, cloud_count=0.0, water_count=19.0, snow_count=215.0, lake_SR={blue=0.07694736842105263, green=0.048005263157894724, red=0.029036842105263156, nir=0.034742105263157894, swir1=0.005300000000000001, swir2=0.003736842105263157}}",0.336,401.0,2001-02-02T10:20:07,33.43064569444444,261.0,"{blue=36.5531335224137, green=19.226477347571276, red=10.072121484983013, nir=4.285653234441618, swir1=0.15581206954530372, swir2=0.03767834192719953, tir1=5.808775497664666, tir2=5.810460209304117}",65.31471633911133,"{lake_TIR=5.808775497664666, bkgd_BT=-6.67840185546875, lake_BT=-2.9985700000748325, bkgd_TIR=5.436699252724647}","{blue=965, green=965, red=965, nir=965, swir1=965, swir2=965, tir1=965, tir2=965}","{""geodesic"":true,""type"":""Polygon"",""coordinates"":[[[2.8818679999999994,45.499909],[2.8817400000000006,45.492129],[2.89423,45.49203200000001],[2.894705,45.49992400000001],[2.8818679999999994,45.499909]]]}"
LE71970292001049EDC00,0.55,"{shadow_count=0.0, cloud_count=965.0, water_count=0.0, snow_count=0.0, lake_SR={blue=null, green=null, red=null, nir=null, swir1=null, swir2=null}}",0.333,965.0,2001-02-18T10:20:04,49.43060990740741,0.0,"{blue=null, green=null, red=null, nir=null, swir1=null, swir2=null, tir1=null, tir2=null}",60.4361629486084,"{lake_TIR=null, bkgd_BT=null, lake_BT=null, bkgd_TIR=null}","{blue=965, green=965, red=965, nir=965, swir1=965, swir2=965, tir1=965, tir2=965}","{""geodesic"":true,""type"":""Polygon"",""coordinates"":[[[2.8818679999999994,45.499909],[2.8817400000000006,45.492129],[2.89423,45.49203200000001],[2.894705,45.49992400000001],[2.8818679999999994,45.499909]]]}"
LE71970292001065FUI00,1.429998779296875,"{shadow_count=0.0, cloud_count=965.0, water_count=0.0, snow_count=0.0, lake_SR={blue=null, green=null, red=null, nir=null, swir1=null, swir2=null}}",0.328,965.0,2001-03-06T10:20:00,65.43056005787037,0.0,"{blue=null, green=null, red=null, nir=null, swir1=null, swir2=null, tir1=null, tir2=null}",54.60857009887695,"{lake_TIR=null, bkgd_BT=null, lake_BT=null, bkgd_TIR=null}","{blue=965, green=965, red=965, nir=965, swir1=965, swir2=965, tir1=965, tir2=965}","{""geodesic"":true,""type"":""Polygon"",""coordinates"":[[[2.8818679999999994,45.499909],[2.8817400000000006,45.492129],[2.89423,45.49203200000001],[2.894705,45.49992400000001],[2.8818679999999994,45.499909]]]}"
LE71970292001081EDC00,1.529998779296875,"{shadow_count=0.0, cloud_count=905.0, water_count=0.0, snow_count=0.0, lake_SR={blue=null, green=null, red=null, nir=null, swir1=null, swir2=null}}",0.336,965.0,2001-03-22T10:19:51,81.43045219907407,0.0,"{blue=null, green=null, red=null, nir=null, swir1=null, swir2=null, tir1=null, tir2=null}",48.35981750488281,"{lake_TIR=null, bkgd_BT=null, lake_BT=null, bkgd_TIR=null}","{blue=965, green=965, red=965, nir=965, swir1=965, swir2=965, tir1=904, tir2=904}","{""geodesic"":true,""type"":""Polygon"",""coordinates"":[[[2.8818679999999994,45.499909],[2.8817400000000006,45.492129],[2.89423,45.49203200000001],[2.894705,45.49992400000001],[2.8818679999999994,45.499909]]]}"
LE71970292001097EDC00,1.05,"{shadow_count=0.0, cloud_count=314.0, water_count=0.0, snow_count=0.0, lake_SR={blue=null, green=null, red=null, nir=null, swir1=null, swir2=null}}",0.4,962.0,2001-04-07T10:19:42,97.43035135416666,0.0,"{blue=null, green=null, red=null, nir=null, swir1=null, swir2=null, tir1=null, tir2=null}",42.19527816772461,"{lake_TIR=null, bkgd_BT=null, lake_BT=null, bkgd_TIR=null}","{blue=965, green=965, red=965, nir=965, swir1=965, swir2=965, tir1=313, tir2=313}","{""geodesic"":true,""type"":""Polygon"",""coordinates"":[[[2.8818679999999994,45.499909],[2.8817400000000006,45.492129],[2.89423,45.49203200000001],[2.894705,45.49992400000001],[2.8818679999999994,45.499909]]]}"
LE71970292001113EDC00,1.15,"{shadow_count=0.0, cloud_count=965.0, water_count=0.0, snow_count=0.0, lake_SR={blue=null, green=null, red=null, nir=null, swir1=null, swir2=null}}",0.402,965.0,2001-04-23T10:19:44,113.43037729166667,0.0,"{blue=null, green=null, red=null, nir=null, swir1=null, swir2=null, tir1=null, tir2=null}",36.63212585449219,"{lake_TIR=null, bkgd_BT=null, lake_BT=null, bkgd_TIR=null}","{blue=965, green=965, red=965, nir=965, swir1=965, swir2=965, tir1=965, tir2=965}","{""geodesic"":true,""type"":""Polygon"",""coordinates"":[[[2.8818679999999994,45.499909],[2.8817400000000006,45.492129],[2.89423,45.49203200000001],[2.894705,45.49992400000001],[2.8818679999999994,45.499909]]]}"
LE71970292001129EDC00,1.8399993896484375,"{shadow_count=0.0, cloud_count=0.0, water_count=0.0, snow_count=0.0, lake_SR={blue=null, green=null, red=null, nir=null, swir1=null, swir2=null}}",0.362,508.0,2001-05-09T10:19:39,129.4303184722222,0.0,"{blue=null, green=null, red=null, nir=null, swir1=null, swir2=null, tir1=null, tir2=null}",32.14356994628906,"{lake_TIR=null, bkgd_BT=null, lake_BT=null, bkgd_TIR=null}","{blue=965, green=965, red=965, nir=965, swir1=965, swir2=965, tir1=965, tir2=965}","{""geodesic"":true,""type"":""Polygon"",""coordinates"":[[[2.8818679999999994,45.499909],[2.8817400000000006,45.492129],[2.89423,45.49203200000001],[2.894705,45.49992400000001],[2.8818679999999994,45.499909]]]}"
LE71970292001145EDC00,2.1800003051757812,"{shadow_count=0.0, cloud_count=965.0, water_count=0.0, snow_count=0.0, lake_SR={blue=null, green=null, red=null, nir=null, swir1=null, swir2=null}}",0.342,965.0,2001-05-25T10:19:29,145.4301996412037,0.0,"{blue=null, green=null, red=null, nir=null, swir1=null, swir2=null, tir1=null, tir2=null}",29.11090850830078,"{lake_TIR=null, bkgd_BT=null, lake_BT=null, bkgd_TIR=null}","{blue=965, green=965, red=965, nir=965, swir1=965, swir2=965, tir1=965, tir2=965}","{""geodesic"":true,""type"":""Polygon"",""coordinates"":[[[2.8818679999999994,45.499909],[2.8817400000000006,45.492129],[2.89423,45.49203200000001],[2.894705,45.49992400000001],[2.8818679999999994,45.499909]]]}"
LE71970292001177EDC00,2.75,"{shadow_count=0.0, cloud_count=0.0, water_count=0.0, snow_count=0.0, lake_SR={blue=null, green=null, red=null, nir=null, swir1=null, swir2=null}}",0.297,545.0,2001-06-26T10:19:00,177.42986125,0.0,"{blue=null, green=null, red=null, nir=null, swir1=null, swir2=null, tir1=null, tir2=null}",27.93038558959961,"{lake_TIR=null, bkgd_BT=26.40610842958465, lake_BT=null, bkgd_TIR=9.312110151060079}","{blue=965, green=965, red=965, nir=965, swir1=965, swir2=965, tir1=781, tir2=781}","{""geodesic"":true,""type"":""Polygon"",""coordinates"":[[[2.8818679999999994,45.499909],[2.8817400000000006,45.492129],[2.89423,45.49203200000001],[2.894705,45.49992400000001],[2.8818679999999994,45.499909]]]}"
LE71970292001225EDC00,2.2199996948242187,"{shadow_count=0.0, cloud_count=0.0, water_count=346.0, snow_count=0.0, lake_SR={blue=0.01675260115606936, green=0.012608381502890181, red=0.0015213872832369939, nir=0.011855491329479785, swir1=0.003710693641618505, swir2=0.0018927745664739856}}",0.308,498.0,2001-08-13T10:18:32,225.42953814814814,110.0,"{blue=37.15458892041987, green=19.85209360176867, red=8.139495632865213, nir=4.522419593550942, swir1=0.2725319411266934, swir2=0.04627591798251325, tir1=8.153463195467538, tir2=8.160742611336437}",35.72917556762695,"{lake_TIR=8.153463195467538, bkgd_BT=23.861711488886417, lake_BT=17.52436856356534, bkgd_TIR=8.973547106798264}","{blue=965, green=965, red=965, nir=965, swir1=965, swir2=965, tir1=965, tir2=965}","{""geodesic"":true,""type"":""Polygon"",""coordinates"":[[[2.8818679999999994,45.499909],[2.8817400000000006,45.492129],[2.89423,45.49203200000001],[2.894705,45.49992400000001],[2.8818679999999994,45.499909]]]}"
LE71970292001289EDC00,1.55,"{shadow_count=0.0, cloud_count=2.0, water_count=151.0, snow_count=0.0, lake_SR={blue=0.025664238410596014, green=0.018177483443708564, red=0.008879470198675493, nir=0.018235761589403966, swir1=0.007417880794701998, swir2=0.004935761589403982}}",0.266,418.0,2001-10-16T10:17:54,289.4291075810185,89.0,"{blue=30.87328186463774, green=16.80164987719461, red=7.384177036499709, nir=3.8638812075839954, swir1=0.2834779255175858, swir2=0.0603688976235604, tir1=7.438228401355445, tir2=7.421185984121014}",56.05070495605469,"{lake_TIR=7.438228401355445, bkgd_BT=12.178555280802636, lake_BT=11.673201243082682, bkgd_TIR=7.499084206141906}","{blue=965, green=965, red=965, nir=965, swir1=965, swir2=965, tir1=420, tir2=420}","{""geodesic"":true,""type"":""Polygon"",""coordinates"":[[[2.8818679999999994,45.499909],[2.8817400000000006,45.492129],[2.89423,45.49203200000001],[2.894705,45.49992400000001],[2.8818679999999994,45.499909]]]}"
LE71970292001353EDC00,0.570001220703125,"{shadow_count=0.0, cloud_count=0.0, water_count=0.0, snow_count=0.0, lake_SR={blue=null, green=null, red=null, nir=null, swir1=null, swir2=null}}",0.294,302.0,2001-12-19T10:18:18,353.4293846759259,368.0,"{blue=22.84192946423655, green=11.569083736966485, red=5.544460602428602, nir=2.323345982834049, swir1=0.11437593404527592, swir2=0.026231355033814907, tir1=null, tir2=null}",70.6654167175293,"{lake_TIR=null, bkgd_BT=0.41373619666466344, lake_BT=null, bkgd_TIR=6.1668080406693315}","{blue=965, green=965, red=965, nir=965, swir1=965, swir2=965, tir1=55, tir2=55}","{""geodesic"":true,""type"":""Polygon"",""coordinates"":[[[2.8818679999999994,45.499909],[2.8817400000000006,45.492129],[2.89423,45.49203200000001],[2.894705,45.49992400000001],[2.8818679999999994,45.499909]]]}"
LE71970292002084EDC00,0.55,"{shadow_count=0.0, cloud_count=806.0, water_count=0.0, snow_count=0.0, lake_SR={blue=null, green=null, red=null, nir=null, swir1=null, swir2=null}}",0.338,965.0,2002-03-25T10:18:28,84.42950120370371,0.0,"{blue=null, green=null, red=null, nir=null, swir1=null, swir2=null, tir1=null, tir2=null}",47.408477783203125,"{lake_TIR=null, bkgd_BT=null, lake_BT=null, bkgd_TIR=null}","{blue=965, green=965, red=965, nir=965, swir1=965, swir2=965, tir1=804, tir2=804}","{""geodesic"":true,""type"":""Polygon"",""coordinates"":[[[2.8818679999999994,45.499909],[2.8817400000000006,45.492129],[2.89423,45.49203200000001],[2.894705,45.49992400000001],[2.8818679999999994,45.499909]]]}"
LE71970292002100MTI00,0.729998779296875,"{shadow_count=null, cloud_count=null, water_count=null, snow_count=null, lake_SR=null}",0.437,965.0,2002-04-10T10:18:29,100.42950659722223,0.0,"{blue=null, green=null, red=null, nir=null, swir1=null, swir2=null, tir1=null, tir2=null}",41.299869537353516,"{lake_TIR=null, bkgd_BT=null, lake_BT=null, bkgd_TIR=null}","{blue=965, green=965, red=965, nir=965, swir1=965, swir2=965, tir1=965, tir2=965}","{""geodesic"":true,""type"":""Polygon"",""coordinates"":[[[2.8818679999999994,45.499909],[2.8817400000000006,45.492129],[2.89423,45.49203200000001],[2.894705,45.49992400000001],[2.8818679999999994,45.499909]]]}"
LE71970292002164EDC00,2.3600006103515625,"{shadow_count=0.0, cloud_count=0.0, water_count=181.0, snow_count=0.0, lake_SR={blue=0.019974033149171247, green=0.016768508287292812, red=0.00323922651933702, nir=0.01795635359116018, swir1=0.004753038674033154, swir2=0.002177348066298346}}",0.345,509.0,2002-06-13T10:18:11,164.42929704861112,0.0,"{blue=null, green=null, red=null, nir=null, swir1=null, swir2=null, tir1=null, tir2=null}",27.797306060791016,"{lake_TIR=null, bkgd_BT=24.130864962017924, lake_BT=null, bkgd_TIR=9.008360575588961}","{blue=965, green=965, red=965, nir=965, swir1=965, swir2=965, tir1=965, tir2=965}","{""geodesic"":true,""type"":""Polygon"",""coordinates"":[[[2.8818679999999994,45.499909],[2.8817400000000006,45.492129],[2.89423,45.49203200000001],[2.894705,45.49992400000001],[2.8818679999999994,45.499909]]]}"
LE71970292002228EDC00,2.3600006103515625,"{shadow_count=0.0, cloud_count=50.0, water_count=334.0, snow_count=0.0, lake_SR={blue=0.024738622754491037, green=0.020956287425149676, red=0.005715868263473021, nir=0.018496407185628633, swir1=0.005360778443113797, swir2=0.0028940119760479106}}",0.314,507.0,2002-08-16T10:17:49,228.42904998842593,17.0,"{blue=40.66183474484612, green=23.626192457535687, red=10.102524645188275, nir=5.562204837799072, swir1=0.3587263542063096, swir2=0.055407565306214726, tir1=7.987253416987026, tir2=8.003786426256685}",36.530006408691406,"{lake_TIR=7.987253416987026, bkgd_BT=22.237708868137947, lake_BT=16.191829905790442, bkgd_TIR=8.75996485423723}","{blue=965, green=965, red=965, nir=965, swir1=965, swir2=965, tir1=965, tir2=965}","{""geodesic"":true,""type"":""Polygon"",""coordinates"":[[[2.8818679999999994,45.499909],[2.8817400000000006,45.492129],[2.89423,45.49203200000001],[2.894705,45.49992400000001],[2.8818679999999994,45.499909]]]}"
LE71970292002276EDC00,2.4600006103515626,"{shadow_count=225.0, cloud_count=232.0, water_count=0.0, snow_count=0.0, lake_SR={blue=null, green=null, red=null, nir=null, swir1=null, swir2=null}}",0.252,511.0,2002-10-03T10:17:22,276.4287374421296,0.0,"{blue=null, green=null, red=null, nir=null, swir1=null, swir2=null, tir1=null, tir2=null}",51.54949188232422,"{lake_TIR=null, bkgd_BT=9.14174058702257, lake_BT=null, bkgd_TIR=7.140997428033087}","{blue=965, green=965, red=965, nir=965, swir1=965, swir2=965, tir1=965, tir2=965}","{""geodesic"":true,""type"":""Polygon"",""coordinates"":[[[2.8818679999999994,45.499909],[2.8817400000000006,45.492129],[2.89423,45.49203200000001],[2.894705,45.49992400000001],[2.8818679999999994,45.499909]]]}"
LE71970292003039SGS00,1.070001220703125,"{shadow_count=405.0, cloud_count=176.0, water_count=2.0, snow_count=52.0, lake_SR={blue=0.14505, green=0.09809999999999999, red=0.0767, nir=0.0817, swir1=0.0091, swir2=0.00805}}",0.32,919.0,2003-02-08T10:18:18,39.42938180555556,0.0,"{blue=null, green=null, red=null, nir=null, swir1=null, swir2=null, tir1=null, tir2=null}",63.91966247558594,"{lake_TIR=null, bkgd_BT=-2.359309605189732, lake_BT=null, bkgd_TIR=5.874870684530054}","{blue=965, green=965, red=965, nir=965, swir1=965, swir2=965, tir1=653, tir2=653}","{""geodesic"":true,""type"":""Polygon"",""coordinates"":[[[2.8818679999999994,45.499909],[2.8817400000000006,45.492129],[2.89423,45.49203200000001],[2.894705,45.49992400000001],[2.8818679999999994,45.499909]]]}"
LE71970292003055EDC00,0.970001220703125,"{shadow_count=0.0, cloud_count=0.0, water_count=0.0, snow_count=0.0, lake_SR={blue=null, green=null, red=null, nir=null, swir1=null, swir2=null}}",0.338,876.0,2003-02-24T10:18:18,55.42938494212963,0.0,"{blue=null, green=null, red=null, nir=null, swir1=null, swir2=null, tir1=null, tir2=null}",58.65778732299805,"{lake_TIR=null, bkgd_BT=null, lake_BT=null, bkgd_TIR=null}","{blue=965, green=965, red=965, nir=965, swir1=872, swir2=965, tir1=0, tir2=0}","{""geodesic"":true,""type"":""Polygon"",""coordinates"":[[[2.8818679999999994,45.499909],[2.8817400000000006,45.492129],[2.89423,45.49203200000001],[2.894705,45.49992400000001],[2.8818679999999994,45.499909]]]}"
LE71970292003071EDC00,1.3100006103515625,"{shadow_count=342.0, cloud_count=490.0, water_count=0.0, snow_count=0.0, lake_SR={blue=null, green=null, red=null, nir=null, swir1=null, swir2=null}}",0.307,887.0,2003-03-12T10:18:24,71.42944746527778,0.0,"{blue=null, green=null, red=null, nir=null, swir1=null, swir2=null, tir1=null, tir2=null}",52.62409591674805,"{lake_TIR=null, bkgd_BT=null, lake_BT=null, bkgd_TIR=null}","{blue=965, green=965, red=965, nir=965, swir1=965, swir2=965, tir1=829, tir2=829}","{""geodesic"":true,""type"":""Polygon"",""coordinates"":[[[2.8818679999999994,45.499909],[2.8817400000000006,45.492129],[2.89423,45.49203200000001],[2.894705,45.49992400000001],[2.8818679999999994,45.499909]]]}"
LE71970292003087MTI00,2.1,"{shadow_count=null, cloud_count=null, water_count=null, snow_count=null, lake_SR=null}",0.362,965.0,2003-03-28T10:18:20,87.42939916666667,0.0,"{blue=null, green=null, red=null, nir=null, swir1=null, swir2=null, tir1=null, tir2=null}",46.3232536315918,"{lake_TIR=null, bkgd_BT=null, lake_BT=null, bkgd_TIR=null}","{blue=965, green=965, red=965, nir=965, swir1=284, swir2=961, tir1=0, tir2=0}","{""geodesic"":true,""type"":""Polygon"",""coordinates"":[[[2.8818679999999994,45.499909],[2.8817400000000006,45.492129],[2.89423,45.49203200000001],[2.894705,45.49992400000001],[2.8818679999999994,45.499909]]]}"
LE71970292003103EDC00,1.3899993896484375,"{shadow_count=0.0, cloud_count=953.0, water_count=0.0, snow_count=0.0, lake_SR={blue=null, green=null, red=null, nir=null, swir1=null, swir2=null}}",0.342,965.0,2003-04-13T10:18:25,103.42946289351852,0.0,"{blue=null, green=null, red=null, nir=null, swir1=null, swir2=null, tir1=null, tir2=null}",40.3089485168457,"{lake_TIR=null, bkgd_BT=null, lake_BT=null, bkgd_TIR=null}","{blue=965, green=965, red=965, nir=965, swir1=965, swir2=965, tir1=953, tir2=953}","{""geodesic"":true,""type"":""Polygon"",""coordinates"":[[[2.8818679999999994,45.499909],[2.8817400000000006,45.492129],[2.89423,45.49203200000001],[2.894705,45.49992400000001],[2.8818679999999994,45.499909]]]}"
LE71970292003135ASN00,0.970001220703125,"{shadow_count=0.0, cloud_count=965.0, water_count=0.0, snow_count=0.0, lake_SR={blue=null, green=null, red=null, nir=null, swir1=null, swir2=null}}",0.382,913.0,2003-05-15T10:18:22,135.4294267476852,0.0,"{blue=null, green=null, red=null, nir=null, swir1=null, swir2=null, tir1=null, tir2=null}",31.043838500976562,"{lake_TIR=null, bkgd_BT=null, lake_BT=null, bkgd_TIR=null}","{blue=965, green=965, red=965, nir=965, swir1=965, swir2=965, tir1=965, tir2=965}","{""geodesic"":true,""type"":""Polygon"",""coordinates"":[[[2.8818679999999994,45.499909],[2.8817400000000006,45.492129],[2.89423,45.49203200000001],[2.894705,45.49992400000001],[2.8818679999999994,45.499909]]]}"
LE71970292003151ASN00,2.4100006103515623,"{shadow_count=0.0, cloud_count=965.0, water_count=0.0, snow_count=0.0, lake_SR={blue=null, green=null, red=null, nir=null, swir1=null, swir2=null}}",0.315,965.0,2003-05-31T10:18:21,151.42941982638888,0.0,"{blue=null, green=null, red=null, nir=null, swir1=null, swir2=null, tir1=null, tir2=null}",28.574256896972656,"{lake_TIR=null, bkgd_BT=null, lake_BT=null, bkgd_TIR=null}","{blue=965, green=965, red=965, nir=965, swir1=965, swir2=965, tir1=965, tir2=965}","{""geodesic"":true,""type"":""Polygon"",""coordinates"":[[[2.8818679999999994,45.499909],[2.8817400000000006,45.492129],[2.89423,45.49203200000001],[2.894705,45.49992400000001],[2.8818679999999994,45.499909]]]}"
LE71970292003215EDC02,2.6,"{shadow_count=0.0, cloud_count=0.0, water_count=259.0, snow_count=0.0, lake_SR={blue=0.025573745173745194, green=0.02078416988416993, red=0.007840540540540524, nir=0.019496138996139015, swir1=0.005736293436293445, swir2=0.002971814671814671}}",0.312,243.0,2003-08-03T10:18:04,215.4292193287037,7.0,"{blue=41.19190158162798, green=23.384532962526595, red=10.09730066571917, nir=5.562204837799072, swir1=0.31629930223737446, swir2=0.05762089150292533, tir1=8.58708667755127, tir2=8.594684980809689}",33.372779846191406,"{lake_TIR=8.58708667755127, bkgd_BT=28.952483654897147, lake_BT=20.93157958984375, bkgd_TIR=9.660841796362618}","{blue=649, green=646, red=643, nir=639, swir1=626, swir2=630, tir1=457, tir2=457}","{""geodesic"":true,""type"":""Polygon"",""coordinates"":[[[2.8818679999999994,45.499909],[2.8817400000000006,45.492129],[2.89423,45.49203200000001],[2.894705,45.49992400000001],[2.8818679999999994,45.499909]]]}"
LE71970292003295EDC01,1.0209991455078125,"{shadow_count=17.0, cloud_count=376.0, water_count=0.0, snow_count=0.0, lake_SR={blue=null, green=null, red=null, nir=null, swir1=null, swir2=null}}",0.313,470.0,2003-10-22T10:17:58,295.4291526273148,0.0,"{blue=null, green=null, red=null, nir=null, swir1=null, swir2=null, tir1=null, tir2=null}",57.9167366027832,"{lake_TIR=null, bkgd_BT=4.332049560546875, lake_BT=null, bkgd_TIR=6.5968504423896475}","{blue=525, green=520, red=517, nir=511, swir1=503, swir2=505, tir1=413, tir2=413}","{""geodesic"":true,""type"":""Polygon"",""coordinates"":[[[2.8818679999999994,45.499909],[2.8817400000000006,45.492129],[2.89423,45.49203200000001],[2.894705,45.49992400000001],[2.8818679999999994,45.499909]]]}"
LE71970292003327MTI00,1.9899993896484376,"{shadow_count=null, cloud_count=null, water_count=null, snow_count=null, lake_SR=null}",0.28,634.0,2003-11-23T10:18:19,327.42939730324076,0.0,"{blue=null, green=null, red=null, nir=null, swir1=null, swir2=null, tir1=null, tir2=null}",67.00162124633789,"{lake_TIR=null, bkgd_BT=-23.50528123643663, lake_BT=null, bkgd_TIR=3.9312756195664407}","{blue=644, green=640, red=638, nir=634, swir1=632, swir2=632, tir1=629, tir2=629}","{""geodesic"":true,""type"":""Polygon"",""coordinates"":[[[2.8818679999999994,45.499909],[2.8817400000000006,45.492129],[2.89423,45.49203200000001],[2.894705,45.49992400000001],[2.8818679999999994,45.499909]]]}"
LE71970292003343ASN01,0.6899993896484375,"{shadow_count=0.0, cloud_count=0.0, water_count=41.0, snow_count=74.0, lake_SR={blue=0.04636341463414634, green=0.03216341463414634, red=0.017387804878048783, nir=0.02052682926829267, swir1=0.004282926829268295, swir2=0.0015341463414634145}}",0.329,230.0,2003-12-09T10:18:23,343.4294428935185,120.0,"{blue=25.87760535677274, green=13.577129183709621, red=6.67154552936554, nir=2.8650590032339096, swir1=0.07340442971522067, swir2=0.01556769376542388, tir1=6.448207551065614, tir2=6.452130592263797}",69.76980781555176,"{lake_TIR=6.45149611060818, bkgd_BT=-5.700225830078125, lake_BT=3.0441792805989585, bkgd_TIR=5.534645710140467}","{blue=545, green=541, red=538, nir=533, swir1=534, swir2=538, tir1=153, tir2=153}","{""geodesic"":true,""type"":""Polygon"",""coordinates"":[[[2.8818679999999994,45.499909],[2.8817400000000006,45.492129],[2.89423,45.49203200000001],[2.894705,45.49992400000001],[2.8818679999999994,45.499909]]]}"
LE71970292004138ASN01,1.4209991455078126,"{shadow_count=0.0, cloud_count=0.0, water_count=161.0, snow_count=0.0, lake_SR={blue=0.02450993788819873, green=0.021681366459627305, red=0.008026708074534162, nir=0.019245341614906805, swir1=0.006305590062111804, swir2=0.0034136645962733014}}",0.356,270.0,2004-05-17T10:18:51,138.4297588425926,1.0,"{blue=41.028345823287964, green=25.055906891822815, red=11.022834300994873, nir=5.562204837799072, swir1=0.5297637730836868, swir2=-0.017519712448120117, tir1=7.513700842857361, tir2=7.4413385428488255}",30.454578399658203,"{lake_TIR=null, bkgd_BT=25.868050154720443, lake_BT=null, bkgd_TIR=9.24194902941046}","{blue=527, green=525, red=520, nir=518, swir1=506, swir2=509, tir1=503, tir2=503}","{""geodesic"":true,""type"":""Polygon"",""coordinates"":[[[2.8818679999999994,45.499909],[2.8817400000000006,45.492129],[2.89423,45.49203200000001],[2.894705,45.49992400000001],[2.8818679999999994,45.499909]]]}"
LE71970292004170ASN01,1.7899993896484374,"{shadow_count=0.0, cloud_count=0.0, water_count=130.0, snow_count=0.0, lake_SR={blue=0.02026538461538464, green=0.01624846153846151, red=0.003739230769230771, nir=0.01679923076923076, swir1=0.0038623076923077, swir2=0.0025784615384615377}}",0.337,261.0,2004-06-18T10:18:40,170.42964063657408,4.0,"{blue=41.32352298498154, green=23.2411430478096, red=9.609054803848267, nir=5.562204837799072, swir1=0.24293305724859238, swir2=0.0489763468503952, tir1=null, tir2=null}",27.722225189208984,"{lake_TIR=null, bkgd_BT=23.62319571072938, lake_BT=null, bkgd_TIR=8.941216020554792}","{blue=533, green=529, red=528, nir=523, swir1=511, swir2=514, tir1=447, tir2=447}","{""geodesic"":true,""type"":""Polygon"",""coordinates"":[[[2.8818679999999994,45.499909],[2.8817400000000006,45.492129],[2.89423,45.49203200000001],[2.894705,45.49992400000001],[2.8818679999999994,45.499909]]]}"
LE71970292004186ASN01,2.330000305175781,"{shadow_count=0.0, cloud_count=0.0, water_count=0.0, snow_count=0.0, lake_SR={blue=null, green=null, red=null, nir=null, swir1=null, swir2=null}}",0.306,339.0,2004-07-04T10:18:40,186.4296344097222,0.0,"{blue=null, green=null, red=null, nir=null, swir1=null, swir2=null, tir1=null, tir2=null}",28.648548126220703,"{lake_TIR=null, bkgd_BT=21.767738583604206, lake_BT=null, bkgd_TIR=8.69857124645272}","{blue=526, green=520, red=518, nir=514, swir1=506, swir2=507, tir1=498, tir2=498}","{""geodesic"":true,""type"":""Polygon"",""coordinates"":[[[2.8818679999999994,45.499909],[2.8817400000000006,45.492129],[2.89423,45.49203200000001],[2.894705,45.49992400000001],[2.8818679999999994,45.499909]]]}"
LE71970292004250ASN01,2.3800003051757814,"{shadow_count=9.0, cloud_count=437.0, water_count=0.0, snow_count=0.0, lake_SR={blue=null, green=null, red=null, nir=null, swir1=null, swir2=null}}",0.294,420.0,2004-09-06T10:18:21,250.42942096064814,0.0,"{blue=null, green=null, red=null, nir=null, swir1=null, swir2=null, tir1=null, tir2=null}",42.650245666503906,"{lake_TIR=null, bkgd_BT=18.188577693744296, lake_BT=null, bkgd_TIR=8.242349621153226}","{blue=526, green=523, red=520, nir=517, swir1=504, swir2=508, tir1=501, tir2=501}","{""geodesic"":true,""type"":""Polygon"",""coordinates"":[[[2.8818679999999994,45.499909],[2.8817400000000006,45.492129],[2.89423,45.49203200000001],[2.894705,45.49992400000001],[2.8818679999999994,45.499909]]]}"
LE71970292004266ASN01,2.3800003051757814,"{shadow_count=0.0, cloud_count=0.0, water_count=255.0, snow_count=0.0, lake_SR={blue=0.021701960784313745, green=0.016864705882352955, red=0.004918039215686279, nir=0.013543921568627468, swir1=0.004763921568627459, swir2=0.0028654901960784283}}",0.268,196.0,2004-09-22T10:18:16,266.429359525463,150.0,"{blue=34.022807852427164, green=19.111547100543977, red=8.226692628860473, nir=4.515370202064514, swir1=0.2707346159938379, swir2=0.05039115662270404, tir1=7.607822361944327, tir2=7.610980977512785}",47.90471267700195,"{lake_TIR=7.607822361944327, bkgd_BT=15.918859480023944, lake_BT=13.088580686654618, bkgd_TIR=7.9566485470173065}","{blue=559, green=557, red=554, nir=553, swir1=537, swir2=542, tir1=528, tir2=528}","{""geodesic"":true,""type"":""Polygon"",""coordinates"":[[[2.8818679999999994,45.499909],[2.8817400000000006,45.492129],[2.89423,45.49203200000001],[2.894705,45.49992400000001],[2.8818679999999994,45.499909]]]}"
LE71970292004298ASN00,2.35,"{shadow_count=0.0, cloud_count=0.0, water_count=105.0, snow_count=0.0, lake_SR={blue=0.029638095238095227, green=0.02317142857142858, red=0.012220952380952384, nir=0.022297142857142863, swir1=0.011001904761904765, swir2=0.005809523809523807}}",0.288,264.0,2004-10-24T10:18:25,298.4294633564815,4.0,"{blue=30.011417746543884, green=16.566043183207512, red=7.277657747268677, nir=3.856692850589752, swir1=0.29375993087887764, swir2=0.0999507550150156, tir1=null, tir2=null}",58.811180114746094,"{lake_TIR=null, bkgd_BT=15.00928042633365, lake_BT=null, bkgd_TIR=7.841679847902721}","{blue=654, green=650, red=648, nir=644, swir1=638, swir2=641, tir1=229, tir2=229}","{""geodesic"":true,""type"":""Polygon"",""coordinates"":[[[2.8818679999999994,45.499909],[2.8817400000000006,45.492129],[2.89423,45.49203200000001],[2.894705,45.49992400000001],[2.8818679999999994,45.499909]]]}"
LE71970292004330ASN00,0.629998779296875,"{shadow_count=0.0, cloud_count=0.0, water_count=0.0, snow_count=0.0, lake_SR={blue=null, green=null, red=null, nir=null, swir1=null, swir2=null}}",0.233,220.0,2004-11-25T10:18:43,330.4296688657407,148.0,"{blue=23.32372346923158, green=12.372244030237198, red=5.660518427152891, nir=2.5512289364595673, swir1=0.1999474122516207, swir2=0.03736696281545871, tir1=null, tir2=null}",67.58975982666016,"{lake_TIR=null, bkgd_BT=7.078193664550781, lake_BT=null, bkgd_TIR=6.904330759619673}","{blue=622, green=618, red=617, nir=612, swir1=612, swir2=615, tir1=22, tir2=22}","{""geodesic"":true,""type"":""Polygon"",""coordinates"":[[[2.8818679999999994,45.499909],[2.8817400000000006,45.492129],[2.89423,45.49203200000001],[2.894705,45.49992400000001],[2.8818679999999994,45.499909]]]}"
LE71970292004346ASN00,0.7399993896484375,"{shadow_count=0.0, cloud_count=0.0, water_count=0.0, snow_count=0.0, lake_SR={blue=null, green=null, red=null, nir=null, swir1=null, swir2=null}}",0.291,183.0,2004-12-11T10:18:50,346.4297519907407,75.0,"{blue=22.384955705006917, green=11.62135427713394, red=5.7173073196411135, nir=2.4662729183832806, swir1=0.16047487218878162, swir2=0.03604096108499695, tir1=null, tir2=null}",70.05797386169434,"{lake_TIR=null, bkgd_BT=3.3345133463541665, lake_BT=null, bkgd_TIR=6.485039417942365}","{blue=514, green=510, red=508, nir=503, swir1=413, swir2=499, tir1=0, tir2=0}","{""geodesic"":true,""type"":""Polygon"",""coordinates"":[[[2.8818679999999994,45.499909],[2.8817400000000006,45.492129],[2.89423,45.49203200000001],[2.894705,45.49992400000001],[2.8818679999999994,45.499909]]]}"
LE71970292005012ASN00,1.620001220703125,"{shadow_count=0.0, cloud_count=0.0, water_count=0.0, snow_count=0.0, lake_SR={blue=null, green=null, red=null, nir=null, swir1=null, swir2=null}}",0.272,582.0,2005-01-12T10:19:03,12.429904270833333,0.0,"{blue=null, green=null, red=null, nir=null, swir1=null, swir2=null, tir1=null, tir2=null}",69.61129188537598,"{lake_TIR=null, bkgd_BT=-7.658087158203125, lake_BT=null, bkgd_TIR=5.340094527602195}","{blue=592, green=589, red=586, nir=582, swir1=475, swir2=588, tir1=0, tir2=0}","{""geodesic"":true,""type"":""Polygon"",""coordinates"":[[[2.8818679999999994,45.499909],[2.8817400000000006,45.492129],[2.89423,45.49203200000001],[2.894705,45.49992400000001],[2.8818679999999994,45.499909]]]}"
LE71970292005060ASN00,0.3100006103515625,"{shadow_count=0.0, cloud_count=175.0, water_count=32.0, snow_count=250.0, lake_SR={blue=0.15969375000000002, green=0.10317187500000001, red=0.073325, nir=0.070946875, swir1=0.007162499999999997, swir2=0.004303124999999999}}",0.329,473.0,2005-03-01T10:19:20,60.43010034722222,0.0,"{blue=null, green=null, red=null, nir=null, swir1=null, swir2=null, tir1=null, tir2=null}",56.543880462646484,"{lake_TIR=null, bkgd_BT=-10.318273499954579, lake_BT=null, bkgd_TIR=5.084541330330594}","{blue=524, green=519, red=514, nir=513, swir1=502, swir2=506, tir1=496, tir2=496}","{""geodesic"":true,""type"":""Polygon"",""coordinates"":[[[2.8818679999999994,45.499909],[2.8817400000000006,45.492129],[2.89423,45.49203200000001],[2.894705,45.49992400000001],[2.8818679999999994,45.499909]]]}"
LE71970292005220EDC00,1.129998779296875,"{shadow_count=0.0, cloud_count=0.0, water_count=117.0, snow_count=0.0, lake_SR={blue=0.02783333333333333, green=0.02314017094017097, red=0.008770085470085466, nir=0.019418803418803397, swir1=0.006058974358974362, swir2=0.0037333333333333346}}",0.324,317.0,2005-08-08T10:19:01,220.42988302083333,9.0,"{blue=40.005249897638954, green=23.333814303080242, red=9.505249659220377, nir=5.562204837799072, swir1=0.35236229641096933, swir2=0.08897634595632553, tir1=7.983307145535946, tir2=7.9994093999266624}",34.517704010009766,"{lake_TIR=7.983307145535946, bkgd_BT=21.017760373345393, lake_BT=16.160064697265625, bkgd_TIR=8.602992909507257}","{blue=523, green=519, red=517, nir=511, swir1=502, swir2=505, tir1=495, tir2=495}","{""geodesic"":true,""type"":""Polygon"",""coordinates"":[[[2.8818679999999994,45.499909],[2.8817400000000006,45.492129],[2.89423,45.49203200000001],[2.894705,45.49992400000001],[2.8818679999999994,45.499909]]]}"
LE71970292005268EDC00,2.730000305175781,"{shadow_count=0.0, cloud_count=627.0, water_count=0.0, snow_count=0.0, lake_SR={blue=null, green=null, red=null, nir=null, swir1=null, swir2=null}}",0.272,655.0,2005-09-25T10:18:44,268.4296787962963,0.0,"{blue=null, green=null, red=null, nir=null, swir1=null, swir2=null, tir1=null, tir2=null}",48.81251525878906,"{lake_TIR=null, bkgd_BT=-21.25910817021909, lake_BT=null, bkgd_TIR=4.10540913677086}","{blue=667, green=663, red=660, nir=655, swir1=650, swir2=654, tir1=645, tir2=645}","{""geodesic"":true,""type"":""Polygon"",""coordinates"":[[[2.8818679999999994,45.499909],[2.8817400000000006,45.492129],[2.89423,45.49203200000001],[2.894705,45.49992400000001],[2.8818679999999994,45.499909]]]}"
LE71970292005300ASN00,1.8709991455078125,"{shadow_count=0.0, cloud_count=0.0, water_count=0.0, snow_count=0.0, lake_SR={blue=null, green=null, red=null, nir=null, swir1=null, swir2=null}}",0.2805175438596491,200.0,2005-10-27T10:18:57,300.42983050925926,105.0,"{blue=30.087112363179525, green=16.563964332853043, red=7.504094219207763, nir=3.5459504468100413, swir1=0.1772010182030499, swir2=0.05171845238847831, tir1=null, tir2=null}",59.6771125793457,"{lake_TIR=null, bkgd_BT=14.1854248046875, lake_BT=null, bkgd_TIR=7.7410499259001675}","{blue=513, green=511, red=507, nir=503, swir1=492, swir2=497, tir1=40, tir2=40}","{""geodesic"":true,""type"":""Polygon"",""coordinates"":[[[2.8818679999999994,45.499909],[2.8817400000000006,45.492129],[2.89423,45.49203200000001],[2.894705,45.49992400000001],[2.8818679999999994,45.499909]]]}"
LE71970292006015ASN00,0.65,"{shadow_count=0.0, cloud_count=0.0, water_count=0.0, snow_count=7.0, lake_SR={blue=null, green=null, red=null, nir=null, swir1=null, swir2=null}}",0.311,471.0,2006-01-15T10:19:32,15.43024138888889,0.0,"{blue=null, green=null, red=null, nir=null, swir1=null, swir2=null, tir1=null, tir2=null}",69.18902969360352,"{lake_TIR=null, bkgd_BT=-4.461927141462054, lake_BT=null, bkgd_TIR=5.659235137381724}","{blue=534, green=529, red=528, nir=527, swir1=513, swir2=514, tir1=10, tir2=10}","{""geodesic"":true,""type"":""Polygon"",""coordinates"":[[[2.8818679999999994,45.499909],[2.8817400000000006,45.492129],[2.89423,45.49203200000001],[2.894705,45.49992400000001],[2.8818679999999994,45.499909]]]}"
LE71970292006111ASN00,1.329998779296875,"{shadow_count=0.0, cloud_count=0.0, water_count=0.0, snow_count=0.0, lake_SR={blue=null, green=null, red=null, nir=null, swir1=null, swir2=null}}",0.363,314.0,2006-04-21T10:19:39,111.43032385416667,0.0,"{blue=null, green=null, red=null, nir=null, swir1=null, swir2=null, tir1=null, tir2=null}",37.33842849731445,"{lake_TIR=null, bkgd_BT=15.480088454026442, lake_BT=null, bkgd_TIR=7.900739004405645}","{blue=574, green=572, red=569, nir=567, swir1=537, swir2=570, tir1=0, tir2=0}","{""geodesic"":true,""type"":""Polygon"",""coordinates"":[[[2.8818679999999994,45.499909],[2.8817400000000006,45.492129],[2.89423,45.49203200000001],[2.894705,45.49992400000001],[2.8818679999999994,45.499909]]]}"
LE71970292006143EDC00,1.1100006103515625,"{shadow_count=0.0, cloud_count=581.0, water_count=0.0, snow_count=0.0, lake_SR={blue=null, green=null, red=null, nir=null, swir1=null, swir2=null}}",0.39,608.0,2006-05-23T10:19:43,143.43036923611112,0.0,"{blue=null, green=null, red=null, nir=null, swir1=null, swir2=null, tir1=null, tir2=null}",29.41983413696289,"{lake_TIR=null, bkgd_BT=-17.28127128199527, lake_BT=null, bkgd_TIR=4.448901814849753}","{blue=616, green=615, red=611, nir=608, swir1=611, swir2=613, tir1=616, tir2=616}","{""geodesic"":true,""type"":""Polygon"",""coordinates"":[[[2.8818679999999994,45.499909],[2.8817400000000006,45.492129],[2.89423,45.49203200000001],[2.894705,45.49992400000001],[2.8818679999999994,45.499909]]]}"
LE71970292006159ASN00,1.1399993896484375,"{shadow_count=0.0, cloud_count=0.0, water_count=64.0, snow_count=0.0, lake_SR={blue=0.0452609375, green=0.045135937500000035, red=0.012795312499999998, nir=0.02630781249999999, swir1=0.007003125000000002, swir2=0.004106250000000001}}",0.34,369.0,2006-06-08T10:19:41,159.43034309027777,7.0,"{blue=51.5380209514073, green=34.79623133795602, red=12.67272254398891, nir=7.777727876390729, swir1=0.43049878378709155, swir2=0.05239498242735863, tir1=7.726141789307197, tir2=7.732775545989473}",27.802711486816406,"{lake_TIR=7.726141789307197, bkgd_BT=22.615606497912502, lake_BT=14.06475830078125, bkgd_TIR=8.812233728951874}","{blue=530, green=526, red=521, nir=519, swir1=508, swir2=513, tir1=504, tir2=504}","{""geodesic"":true,""type"":""Polygon"",""coordinates"":[[[2.8818679999999994,45.499909],[2.8817400000000006,45.492129],[2.89423,45.49203200000001],[2.894705,45.49992400000001],[2.8818679999999994,45.499909]]]}"
LE71970292006191ASN00,2.9899993896484376,"{shadow_count=0.0, cloud_count=0.0, water_count=171.0, snow_count=0.0, lake_SR={blue=0.033381286549707616, green=0.028438596491228093, red=0.004380116959064326, nir=0.0160251461988304, swir1=0.0040280701754385985, swir2=0.0021245614035087764}}",0.303,263.0,2006-07-10T10:19:29,191.4302071412037,118.0,"{blue=47.04470903994673, green=28.057526737956678, red=10.156756635439598, nir=6.309709168086617, swir1=0.3161353795365854, swir2=0.0534591675482013, tir1=8.258076790720224, tir2=8.245989643869565}",29.17435073852539,"{lake_TIR=8.256622983073747, bkgd_BT=24.613242792889356, lake_BT=18.343622278284144, bkgd_TIR=9.073237375717175}","{blue=533, green=532, red=530, nir=525, swir1=511, swir2=516, tir1=505, tir2=505}","{""geodesic"":true,""type"":""Polygon"",""coordinates"":[[[2.8818679999999994,45.499909],[2.8817400000000006,45.492129],[2.89423,45.49203200000001],[2.894705,45.49992400000001],[2.8818679999999994,45.499909]]]}"
LE71970292006207ASN00,3.0699996948242188,"{shadow_count=0.0, cloud_count=0.0, water_count=0.0, snow_count=0.0, lake_SR={blue=null, green=null, red=null, nir=null, swir1=null, swir2=null}}",0.306,250.0,2006-07-26T10:19:21,207.4301093287037,0.0,"{blue=null, green=null, red=null, nir=null, swir1=null, swir2=null, tir1=null, tir2=null}",31.689369201660156,"{lake_TIR=null, bkgd_BT=22.632301330566406, lake_BT=null, bkgd_TIR=8.81470197731895}","{blue=661, green=655, red=652, nir=649, swir1=639, swir2=642, tir1=28, tir2=28}","{""geodesic"":true,""type"":""Polygon"",""coordinates"":[[[2.8818679999999994,45.499909],[2.8817400000000006,45.492129],[2.89423,45.49203200000001],[2.894705,45.49992400000001],[2.8818679999999994,45.499909]]]}"
LE71970292006287ASN00,2.169999694824219,"{shadow_count=0.0, cloud_count=0.0, water_count=0.0, snow_count=0.0, lake_SR={blue=null, green=null, red=null, nir=null, swir1=null, swir2=null}}",0.291,314.0,2006-10-14T10:19:07,287.4299496296296,34.0,"{blue=30.575601626844968, green=16.587008953094482, red=7.1695921421051025, nir=3.80024310595849, swir1=0.1951279379427433, swir2=0.0431090475005262, tir1=null, tir2=null}",55.25557327270508,"{lake_TIR=null, bkgd_BT=null, lake_BT=null, bkgd_TIR=null}","{blue=534, green=531, red=527, nir=526, swir1=190, swir2=526, tir1=0, tir2=0}","{""geodesic"":true,""type"":""Polygon"",""coordinates"":[[[2.8818679999999994,45.499909],[2.8817400000000006,45.492129],[2.89423,45.49203200000001],[2.894705,45.49992400000001],[2.8818679999999994,45.499909]]]}"
LE71970292006303ASN00,1.6,"{shadow_count=0.0, cloud_count=0.0, water_count=322.0, snow_count=0.0, lake_SR={blue=0.026851552795031028, green=0.019754658385093146, red=0.00655869565217389, nir=0.012241304347826077, swir1=0.0038704968944099317, swir2=0.002615217391304338}}",0.22,233.0,2006-10-30T10:19:23,303.4301308680555,258.0,"{blue=27.422738044760948, green=14.88947791554207, red=6.153149366378784, nir=2.988796260005744, swir1=0.1362053490308828, swir2=0.02578004709509916, tir1=7.33428315246521, tir2=7.33260845854994}",60.54078674316406,"{lake_TIR=7.33428315246521, bkgd_BT=11.067602681589651, lake_BT=10.79563962951187, bkgd_TIR=7.367363557014819}","{blue=656, green=652, red=649, nir=647, swir1=640, swir2=643, tir1=634, tir2=634}","{""geodesic"":true,""type"":""Polygon"",""coordinates"":[[[2.8818679999999994,45.499909],[2.8817400000000006,45.492129],[2.89423,45.49203200000001],[2.894705,45.49992400000001],[2.8818679999999994,45.499909]]]}"
LE71970292006319ASN00,1.3,"{shadow_count=0.0, cloud_count=0.0, water_count=251.0, snow_count=0.0, lake_SR={blue=0.029533466135458143, green=0.021941434262948232, red=0.010380079681274927, nir=0.01551792828685255, swir1=0.006710756972111548, swir2=0.003247808764940229}}",0.288,234.0,2006-11-15T10:19:36,319.4302778009259,114.0,"{blue=25.140564558798808, green=13.710979703225588, red=6.004330471942299, nir=2.7791959706105684, swir1=0.17141464143468624, swir2=0.025825360495793193, tir1=7.051744768167274, tir2=7.050036228441617}",65.13454818725586,"{lake_TIR=7.051744768167274, bkgd_BT=9.10241589793171, lake_BT=8.376749674479166, bkgd_TIR=7.136839780377676}","{blue=597, green=593, red=590, nir=588, swir1=591, swir2=591, tir1=595, tir2=595}","{""geodesic"":true,""type"":""Polygon"",""coordinates"":[[[2.8818679999999994,45.499909],[2.8817400000000006,45.492129],[2.89423,45.49203200000001],[2.894705,45.49992400000001],[2.8818679999999994,45.499909]]]}"
LE71970292006335ASN00,1.1100006103515625,"{shadow_count=0.0, cloud_count=629.0, water_count=0.0, snow_count=0.0, lake_SR={blue=null, green=null, red=null, nir=null, swir1=null, swir2=null}}",0.263,646.0,2006-12-01T10:19:45,335.4303841087963,0.0,"{blue=null, green=null, red=null, nir=null, swir1=null, swir2=null, tir1=null, tir2=null}",68.5815258026123,"{lake_TIR=null, bkgd_BT=-4.0776121178451845, lake_BT=null, bkgd_TIR=5.703046804103924}","{blue=661, green=659, red=655, nir=652, swir1=646, swir2=650, tir1=646, tir2=646}","{""geodesic"":true,""type"":""Polygon"",""coordinates"":[[[2.8818679999999994,45.499909],[2.8817400000000006,45.492129],[2.89423,45.49203200000001],[2.894705,45.49992400000001],[2.8818679999999994,45.499909]]]}"
LE71970292007050ASN00,1.329998779296875,"{shadow_count=412.0, cloud_count=116.0, water_count=1.0, snow_count=48.0, lake_SR={blue=0.111, green=0.1119, red=0.1016, nir=0.0827, swir1=0.0157, swir2=0.0101}}",0.362,453.0,2007-02-19T10:20:06,50.43063582175926,0.0,"{blue=null, green=null, red=null, nir=null, swir1=null, swir2=null, tir1=null, tir2=null}",60.23935890197754,"{lake_TIR=null, bkgd_BT=3.0703086853027344, lake_BT=null, bkgd_TIR=6.458763827197254}","{blue=597, green=596, red=595, nir=592, swir1=576, swir2=580, tir1=564, tir2=564}","{""geodesic"":true,""type"":""Polygon"",""coordinates"":[[[2.8818679999999994,45.499909],[2.8817400000000006,45.492129],[2.89423,45.49203200000001],[2.894705,45.49992400000001],[2.8818679999999994,45.499909]]]}"
LE71970292007114ASN00,1.720001220703125,"{shadow_count=256.0, cloud_count=0.0, water_count=153.0, snow_count=0.0, lake_SR={blue=0.03357712418300656, green=0.03009869281045753, red=0.013727450980392155, nir=0.029517647058823496, swir1=0.010619607843137247, swir2=0.006563398692810447}}",0.316,225.0,2007-04-24T10:20:08,114.43065700231482,0.0,"{blue=null, green=null, red=null, nir=null, swir1=null, swir2=null, tir1=null, tir2=null}",36.41135787963867,"{lake_TIR=null, bkgd_BT=23.424969691685266, lake_BT=null, bkgd_TIR=8.918379548387868}","{blue=671, green=669, red=664, nir=660, swir1=650, swir2=657, tir1=644, tir2=644}","{""geodesic"":true,""type"":""Polygon"",""coordinates"":[[[2.8818679999999994,45.499909],[2.8817400000000006,45.492129],[2.89423,45.49203200000001],[2.894705,45.49992400000001],[2.8818679999999994,45.499909]]]}"
LE71970292007130ASN00,1.679998779296875,"{shadow_count=0.0, cloud_count=0.0, water_count=87.0, snow_count=0.0, lake_SR={blue=0.02635747126436781, green=0.025862068965517265, red=0.011014942528735628, nir=0.027281609195402335, swir1=0.008296551724137928, swir2=0.004781609195402304}}",0.317,279.0,2007-05-10T10:20:03,130.43060030092593,0.0,"{blue=null, green=null, red=null, nir=null, swir1=null, swir2=null, tir1=null, tir2=null}",31.963211059570312,"{lake_TIR=null, bkgd_BT=21.40622191498245, lake_BT=null, bkgd_TIR=8.65028421310843}","{blue=542, green=541, red=537, nir=535, swir1=523, swir2=527, tir1=517, tir2=517}","{""geodesic"":true,""type"":""Polygon"",""coordinates"":[[[2.8818679999999994,45.499909],[2.8817400000000006,45.492129],[2.89423,45.49203200000001],[2.894705,45.49992400000001],[2.8818679999999994,45.499909]]]}"
LE71970292007258ASN00,2.2,"{shadow_count=0.0, cloud_count=0.0, water_count=291.0, snow_count=0.0, lake_SR={blue=0.024084536082474323, green=0.018480412371133993, red=0.006164604810996577, nir=0.018317182130584232, swir1=0.006493470790378042, swir2=0.0029986254295532636}}",0.281,285.0,2007-09-15T10:19:28,258.4301904050926,19.0,"{blue=35.186945149773045, green=19.961832943715546, red=8.59212569186562, nir=4.592913508415222, swir1=0.3385432958602905, swir2=0.045476554255736504, tir1=7.704368063493779, tir2=7.701771609485149}",45.243778228759766,"{lake_TIR=7.703779584417741, bkgd_BT=17.342793617145155, lake_BT=13.881464640299479, bkgd_TIR=8.13438838344764}","{blue=661, green=657, red=654, nir=651, swir1=645, swir2=647, tir1=642, tir2=642}","{""geodesic"":true,""type"":""Polygon"",""coordinates"":[[[2.8818679999999994,45.499909],[2.8817400000000006,45.492129],[2.89423,45.49203200000001],[2.894705,45.49992400000001],[2.8818679999999994,45.499909]]]}"
LE71970292007306ASN00,2.129998779296875,"{shadow_count=0.0, cloud_count=0.0, water_count=299.0, snow_count=0.0, lake_SR={blue=0.02608628762541806, green=0.01864147157190639, red=0.007986287625418068, nir=0.012099331103678926, swir1=0.004943478260869548, swir2=0.0024715719063545167}}",0.254,148.0,2007-11-02T10:19:39,306.43032153935184,235.0,"{blue=27.7630126242942, green=15.004947125658076, red=6.700313539707914, nir=2.974635564266367, swir1=0.17993610551846878, swir2=0.025654976874326184, tir1=6.9625197364270965, tir2=6.968856017529405}",61.38861656188965,"{lake_TIR=6.9625197364270965, bkgd_BT=9.275340610080296, lake_BT=7.60142939751137, bkgd_TIR=7.157769081700179}","{blue=553, green=550, red=547, nir=546, swir1=532, swir2=534, tir1=523, tir2=523}","{""geodesic"":true,""type"":""Polygon"",""coordinates"":[[[2.8818679999999994,45.499909],[2.8817400000000006,45.492129],[2.89423,45.49203200000001],[2.894705,45.49992400000001],[2.8818679999999994,45.499909]]]}"
LE71970292007322ASN00,0.7209991455078125,"{shadow_count=0.0, cloud_count=24.0, water_count=238.0, snow_count=140.0, lake_SR={blue=0.07421554621848746, green=0.053885294117647094, red=0.04061134453781511, nir=0.040263445378151234, swir1=0.011647058823529437, swir2=0.009002941176470568}}",0.277,208.0,2007-11-18T10:19:48,322.4304249421296,0.0,"{blue=null, green=null, red=null, nir=null, swir1=null, swir2=null, tir1=null, tir2=null}",65.8224048614502,"{lake_TIR=null, bkgd_BT=-2.3742850167410716, lake_BT=null, bkgd_TIR=5.874870684530054}","{blue=546, green=545, red=540, nir=536, swir1=524, swir2=529, tir1=527, tir2=527}","{""geodesic"":true,""type"":""Polygon"",""coordinates"":[[[2.8818679999999994,45.499909],[2.8817400000000006,45.492129],[2.89423,45.49203200000001],[2.894705,45.49992400000001],[2.8818679999999994,45.499909]]]}"
LE71970292007354ASN00,0.4100006103515625,"{shadow_count=0.0, cloud_count=0.0, water_count=405.0, snow_count=122.0, lake_SR={blue=0.08709629629629646, green=0.05562148148148133, red=0.034449135802469104, nir=0.02816765432098779, swir1=0.0037434567901234424, swir2=0.0023417283950617194}}",0.305,214.0,2007-12-20T10:19:59,354.43054778935186,264.0,"{blue=28.586677212606777, green=15.074309429661794, red=7.576710784074032, nir=3.1539220399025716, swir1=0.07478652307481477, swir2=0.01681129244918173, tir1=5.825354373703401, tir2=5.822087495418435}",70.62066078186035,"{lake_TIR=5.825354373703401, bkgd_BT=-2.883458013119905, lake_BT=-2.838716102368904, bkgd_TIR=5.821951429481092}","{blue=672, green=669, red=666, nir=661, swir1=654, swir2=659, tir1=650, tir2=650}","{""geodesic"":true,""type"":""Polygon"",""coordinates"":[[[2.8818679999999994,45.499909],[2.8817400000000006,45.492129],[2.89423,45.49203200000001],[2.894705,45.49992400000001],[2.8818679999999994,45.499909]]]}"
LE71970292008021ASN00,1.05,"{shadow_count=0.0, cloud_count=12.0, water_count=173.0, snow_count=119.0, lake_SR={blue=0.0611884393063585, green=0.04423121387283231, red=0.032194219653179194, nir=0.03100751445086706, swir1=0.006705780346820807, swir2=0.003923121387283244}}",0.259,298.0,2008-01-21T10:20:00,21.43056445601852,53.0,"{blue=29.4663120935548, green=15.399993608582694, red=7.946307848084648, nir=3.265213136403066, swir1=0.10319501620072585, swir2=0.02340093942788931, tir1=6.113912825257732, tir2=6.109838715897729}",68.23302268981934,"{lake_TIR=6.113912825257732, bkgd_BT=4.726885114397321, lake_BT=-0.09244419978215145, bkgd_TIR=6.638836622998422}","{blue=548, green=544, red=539, nir=537, swir1=525, swir2=530, tir1=523, tir2=523}","{""geodesic"":true,""type"":""Polygon"",""coordinates"":[[[2.8818679999999994,45.499909],[2.8817400000000006,45.492129],[2.89423,45.49203200000001],[2.894705,45.49992400000001],[2.8818679999999994,45.499909]]]}"
LE71970292008117ASN00,1.6399993896484375,"{shadow_count=0.0, cloud_count=0.0, water_count=26.0, snow_count=0.0, lake_SR={blue=0.029380769230769228, green=0.028403846153846155, red=0.01856538461538462, nir=0.03479615384615386, swir1=0.023315384615384613, swir2=0.016996153846153845}}",0.31,352.0,2008-04-26T10:19:45,117.43038523148148,0.0,"{blue=null, green=null, red=null, nir=null, swir1=null, swir2=null, tir1=null, tir2=null}",35.603614807128906,"{lake_TIR=null, bkgd_BT=14.84951400756836, lake_BT=null, bkgd_TIR=7.823976435698569}","{blue=553, green=549, red=546, nir=542, swir1=532, swir2=534, tir1=523, tir2=523}","{""geodesic"":true,""type"":""Polygon"",""coordinates"":[[[2.8818679999999994,45.499909],[2.8817400000000006,45.492129],[2.89423,45.49203200000001],[2.894705,45.49992400000001],[2.8818679999999994,45.499909]]]}"
LE71970292008149ASN00,2.230000305175781,"{shadow_count=133.0, cloud_count=163.0, water_count=5.0, snow_count=0.0, lake_SR={blue=0.04206, green=0.037, red=0.01432, nir=0.028839999999999998, swir1=0.011940000000000001, swir2=0.00894}}",0.332,351.0,2008-05-28T10:19:33,149.43025221064815,0.0,"{blue=null, green=null, red=null, nir=null, swir1=null, swir2=null, tir1=null, tir2=null}",28.711559295654297,"{lake_TIR=null, bkgd_BT=13.33749765249399, lake_BT=null, bkgd_TIR=7.640649359845198}","{blue=552, green=547, red=545, nir=542, swir1=531, swir2=532, tir1=525, tir2=525}","{""geodesic"":true,""type"":""Polygon"",""coordinates"":[[[2.8818679999999994,45.499909],[2.8817400000000006,45.492129],[2.89423,45.49203200000001],[2.894705,45.49992400000001],[2.8818679999999994,45.499909]]]}"
LE71970292008181ASN01,2.4600006103515626,"{shadow_count=56.0, cloud_count=413.0, water_count=2.0, snow_count=0.0, lake_SR={blue=0.0316, green=0.0267, red=0.0099, nir=0.02855, swir1=0.01175, swir2=0.0083}}",0.284,479.0,2008-06-29T10:19:15,181.43003762731482,0.0,"{blue=null, green=null, red=null, nir=null, swir1=null, swir2=null, tir1=null, tir2=null}",28.187931060791016,"{lake_TIR=null, bkgd_BT=19.951956612723215, lake_BT=null, bkgd_TIR=8.481664854500975}","{blue=545, green=542, red=537, nir=534, swir1=524, swir2=529, tir1=527, tir2=527}","{""geodesic"":true,""type"":""Polygon"",""coordinates"":[[[2.8818679999999994,45.499909],[2.8817400000000006,45.492129],[2.89423,45.49203200000001],[2.894705,45.49992400000001],[2.8818679999999994,45.499909]]]}"
LE71970292008197ASN00,2.0100006103515624,"{shadow_count=0.0, cloud_count=0.0, water_count=44.0, snow_count=0.0, lake_SR={blue=0.01969090909090909, green=0.014695454545454538, red=0.0033636363636363642, nir=0.017677272727272715, swir1=0.004452272727272729, swir2=0.002543181818181817}}",0.305,368.0,2008-07-15T10:19:03,197.4299037962963,3.0,"{blue=39.74566984176636, green=21.02611529827118, red=8.67637825012207, nir=-0.576640248298645, swir1=null, swir2=0.04507870972156525, tir1=null, tir2=null}",29.995147705078125,"{lake_TIR=null, bkgd_BT=17.910930033749754, lake_BT=null, bkgd_TIR=8.204819552459806}","{blue=538, green=537, red=532, nir=528, swir1=516, swir2=522, tir1=515, tir2=515}","{""geodesic"":true,""type"":""Polygon"",""coordinates"":[[[2.8818679999999994,45.499909],[2.8817400000000006,45.492129],[2.89423,45.49203200000001],[2.894705,45.49992400000001],[2.8818679999999994,45.499909]]]}"
LE71970292008293ASN00,1.029998779296875,"{shadow_count=0.0, cloud_count=0.0, water_count=257.0, snow_count=0.0, lake_SR={blue=0.027777042801556413, green=0.02149416342412453, red=0.009249805447470831, nir=0.015712840466926076, swir1=0.005505058365758753, swir2=0.0025354085603112855}}",0.276,155.0,2008-10-19T10:18:24,293.42945233796297,211.0,"{blue=29.577759122396532, green=16.379589011883848, red=7.1708570769612825, nir=3.7111541724882984, swir1=0.22074107854550587, swir2=0.033415086567401886, tir1=7.216003990266472, tir2=7.1944013073967366}",57.184940338134766,"{lake_TIR=7.216003990266472, bkgd_BT=11.529105768668071, lake_BT=9.790298080444336, bkgd_TIR=7.42249319819587}","{blue=618, green=615, red=612, nir=611, swir1=596, swir2=599, tir1=419, tir2=320}","{""geodesic"":true,""type"":""Polygon"",""coordinates"":[[[2.8818679999999994,45.499909],[2.8817400000000006,45.492129],[2.89423,45.49203200000001],[2.894705,45.49992400000001],[2.8818679999999994,45.499909]]]}"
LE71970292008357ASN00,1.0600006103515625,"{shadow_count=0.0, cloud_count=223.0, water_count=60.0, snow_count=170.0, lake_SR={blue=0.17313166666666666, green=0.1088583333333333, red=0.06981000000000002, nir=0.053910000000000055, swir1=0.005618333333333336, swir2=0.002806666666666666}}",0.298,409.0,2008-12-22T10:19:13,357.4300133449074,30.0,"{blue=48.46755971908569, green=26.964002352952956, red=14.727139536539713, nir=6.0958660542964935, swir1=0.10305724973263948, swir2=0.010326414369046688, tir1=5.864159376305692, tir2=5.852477985050748}",70.74635696411133,"{lake_TIR=5.858897681037585, bkgd_BT=-0.3992970784505208, lake_BT=-2.521270751953125, bkgd_TIR=6.082519729932149}","{blue=535, green=532, red=531, nir=525, swir1=520, swir2=522, tir1=515, tir2=514}","{""geodesic"":true,""type"":""Polygon"",""coordinates"":[[[2.8818679999999994,45.499909],[2.8817400000000006,45.492129],[2.89423,45.49203200000001],[2.894705,45.49992400000001],[2.8818679999999994,45.499909]]]}"
LE71970292009071ASN00,1.1709991455078126,"{shadow_count=0.0, cloud_count=603.0, water_count=0.0, snow_count=0.0, lake_SR={blue=null, green=null, red=null, nir=null, swir1=null, swir2=null}}",0.323,632.0,2009-03-12T10:19:48,71.43041722222222,0.0,"{blue=null, green=null, red=null, nir=null, swir1=null, swir2=null, tir1=null, tir2=null}",52.267642974853516,"{lake_TIR=null, bkgd_BT=-13.276082356770834, lake_BT=null, bkgd_TIR=4.807874051233132}","{blue=639, green=637, red=633, nir=632, swir1=627, swir2=630, tir1=624, tir2=624}","{""geodesic"":true,""type"":""Polygon"",""coordinates"":[[[2.8818679999999994,45.499909],[2.8817400000000006,45.492129],[2.89423,45.49203200000001],[2.894705,45.49992400000001],[2.8818679999999994,45.499909]]]}"
LE71970292009151ASN00,2.0209991455078127,"{shadow_count=123.0, cloud_count=186.0, water_count=2.0, snow_count=0.0, lake_SR={blue=0.02595, green=0.02325, red=0.0089, nir=0.0279, swir1=0.0077, swir2=0.0079}}",0.362,398.0,2009-05-31T10:20:06,151.43063065972223,0.0,"{blue=null, green=null, red=null, nir=null, swir1=null, swir2=null, tir1=null, tir2=null}",28.29491424560547,"{lake_TIR=null, bkgd_BT=18.36516217355406, lake_BT=null, bkgd_TIR=8.265476068332923}","{blue=663, green=660, red=657, nir=655, swir1=650, swir2=653, tir1=649, tir2=649}","{""geodesic"":true,""type"":""Polygon"",""coordinates"":[[[2.8818679999999994,45.499909],[2.8817400000000006,45.492129],[2.89423,45.49203200000001],[2.894705,45.49992400000001],[2.8818679999999994,45.499909]]]}"
LE71970292009167ASN00,1.179998779296875,"{shadow_count=0.0, cloud_count=633.0, water_count=0.0, snow_count=0.0, lake_SR={blue=null, green=null, red=null, nir=null, swir1=null, swir2=null}}",0.309,668.0,2009-06-16T10:20:05,167.4306174074074,0.0,"{blue=null, green=null, red=null, nir=null, swir1=null, swir2=null, tir1=null, tir2=null}",27.506881713867188,"{lake_TIR=null, bkgd_BT=-25.94888670548149, lake_BT=null, bkgd_TIR=3.7320575420947177}","{blue=678, green=673, red=670, nir=668, swir1=657, swir2=659, tir1=652, tir2=652}","{""geodesic"":true,""type"":""Polygon"",""coordinates"":[[[2.8818679999999994,45.499909],[2.8817400000000006,45.492129],[2.89423,45.49203200000001],[2.894705,45.49992400000001],[2.8818679999999994,45.499909]]]}"
LE71970292009183ASN00,2.8899993896484375,"{shadow_count=0.0, cloud_count=0.0, water_count=74.0, snow_count=0.0, lake_SR={blue=0.03417162162162163, green=0.025220270270270285, red=0.008367567567567565, nir=0.02652162162162165, swir1=0.006612162162162158, swir2=0.004298648648648651}}",0.303,341.0,2009-07-02T10:20:02,183.43058663194444,0.0,"{blue=null, green=null, red=null, nir=null, swir1=null, swir2=null, tir1=null, tir2=null}",28.234882354736328,"{lake_TIR=null, bkgd_BT=21.230486113449622, lake_BT=null, bkgd_TIR=8.627955534763034}","{blue=554, green=549, red=546, nir=542, swir1=540, swir2=543, tir1=545, tir2=545}","{""geodesic"":true,""type"":""Polygon"",""coordinates"":[[[2.8818679999999994,45.499909],[2.8817400000000006,45.492129],[2.89423,45.49203200000001],[2.894705,45.49992400000001],[2.8818679999999994,45.499909]]]}"
LE71970292009231ASN00,3.0899993896484377,"{shadow_count=0.0, cloud_count=0.0, water_count=24.0, snow_count=0.0, lake_SR={blue=0.03140833333333334, green=0.03235000000000001, red=0.011554166666666664, nir=0.03245000000000001, swir1=0.008816666666666665, swir2=0.004308333333333334}}",0.301,245.0,2009-08-19T10:19:50,231.43044184027778,0.0,"{blue=null, green=null, red=null, nir=null, swir1=null, swir2=null, tir1=null, tir2=null}",37.12865447998047,"{lake_TIR=null, bkgd_BT=24.637642506075007, lake_BT=null, bkgd_TIR=9.074212414633696}","{blue=646, green=643, red=641, nir=638, swir1=624, swir2=628, tir1=610, tir2=610}","{""geodesic"":true,""type"":""Polygon"",""coordinates"":[[[2.8818679999999994,45.499909],[2.8817400000000006,45.492129],[2.89423,45.49203200000001],[2.894705,45.49992400000001],[2.8818679999999994,45.499909]]]}"
LE71970292010106ASN00,1.120001220703125,"{shadow_count=28.0, cloud_count=453.0, water_count=0.0, snow_count=0.0, lake_SR={blue=null, green=null, red=null, nir=null, swir1=null, swir2=null}}",0.372,428.0,2010-04-16T10:21:52,106.4318603587963,0.0,"{blue=null, green=null, red=null, nir=null, swir1=null, swir2=null, tir1=null, tir2=null}",38.80471420288086,"{lake_TIR=null, bkgd_BT=7.81445787217882, lake_BT=null, bkgd_TIR=6.994897689421972}","{blue=549, green=547, red=543, nir=540, swir1=529, swir2=534, tir1=526, tir2=526}","{""geodesic"":true,""type"":""Polygon"",""coordinates"":[[[2.8818679999999994,45.499909],[2.8817400000000006,45.492129],[2.89423,45.49203200000001],[2.894705,45.49992400000001],[2.8818679999999994,45.499909]]]}"
LE71970292010154ASN00,1.9899993896484376,"{shadow_count=171.0, cloud_count=275.0, water_count=1.0, snow_count=0.0, lake_SR={blue=0.0154, green=0.0143, red=0.0055, nir=0.0231, swir1=0.008, swir2=0.008}}",0.385,450.0,2010-06-03T10:21:47,154.43180515046296,0.0,"{blue=null, green=null, red=null, nir=null, swir1=null, swir2=null, tir1=null, tir2=null}",27.80382537841797,"{lake_TIR=null, bkgd_BT=15.131496516141025, lake_BT=null, bkgd_TIR=7.869907896309583}","{blue=597, green=596, red=593, nir=587, swir1=588, swir2=593, tir1=593, tir2=593}","{""geodesic"":true,""type"":""Polygon"",""coordinates"":[[[2.8818679999999994,45.499909],[2.8817400000000006,45.492129],[2.89423,45.49203200000001],[2.894705,45.49992400000001],[2.8818679999999994,45.499909]]]}"
LE71970292010186ASN00,2.7100006103515626,"{shadow_count=0.0, cloud_count=614.0, water_count=0.0, snow_count=0.0, lake_SR={blue=null, green=null, red=null, nir=null, swir1=null, swir2=null}}",0.319,649.0,2010-07-05T10:21:52,186.43185452546297,0.0,"{blue=null, green=null, red=null, nir=null, swir1=null, swir2=null, tir1=null, tir2=null}",28.232425689697266,"{lake_TIR=null, bkgd_BT=4.780927385602679, lake_BT=null, bkgd_TIR=6.652755954613288}","{blue=659, green=655, red=651, nir=649, swir1=639, swir2=643, tir1=634, tir2=634}","{""geodesic"":true,""type"":""Polygon"",""coordinates"":[[[2.8818679999999994,45.499909],[2.8817400000000006,45.492129],[2.89423,45.49203200000001],[2.894705,45.49992400000001],[2.8818679999999994,45.499909]]]}"
LE71970292010218ASN00,2.2600006103515624,"{shadow_count=117.0, cloud_count=338.0, water_count=0.0, snow_count=0.0, lake_SR={blue=null, green=null, red=null, nir=null, swir1=null, swir2=null}}",0.321,367.0,2010-08-06T10:21:52,218.43185751157407,0.0,"{blue=null, green=null, red=null, nir=null, swir1=null, swir2=null, tir1=null, tir2=null}",33.6039924621582,"{lake_TIR=null, bkgd_BT=11.504336340952728, lake_BT=null, bkgd_TIR=7.452868065149603}","{blue=534, green=531, red=527, nir=523, swir1=518, swir2=522, tir1=516, tir2=516}","{""geodesic"":true,""type"":""Polygon"",""coordinates"":[[[2.8818679999999994,45.499909],[2.8817400000000006,45.492129],[2.89423,45.49203200000001],[2.894705,45.49992400000001],[2.8818679999999994,45.499909]]]}"
LE71970292010234ASN00,3.5600006103515627,"{shadow_count=0.0, cloud_count=228.0, water_count=42.0, snow_count=0.0, lake_SR={blue=0.03322857142857142, green=0.0332857142857143, red=0.010900000000000003, nir=0.028373809523809534, swir1=0.0066666666666666645, swir2=0.003671428571428573}}",0.292,390.0,2010-08-22T10:21:54,234.4318837152778,0.0,"{blue=null, green=null, red=null, nir=null, swir1=null, swir2=null, tir1=null, tir2=null}",37.664398193359375,"{lake_TIR=null, bkgd_BT=21.132525573514286, lake_BT=null, bkgd_TIR=8.626491153109137}","{blue=542, green=538, red=536, nir=533, swir1=528, swir2=531, tir1=528, tir2=528}","{""geodesic"":true,""type"":""Polygon"",""coordinates"":[[[2.8818679999999994,45.499909],[2.8817400000000006,45.492129],[2.89423,45.49203200000001],[2.894705,45.49992400000001],[2.8818679999999994,45.499909]]]}"
LE71970292010298ASN01,0.8600006103515625,"{shadow_count=0.0, cloud_count=48.0, water_count=0.0, snow_count=0.0, lake_SR={blue=null, green=null, red=null, nir=null, swir1=null, swir2=null}}",0.353,639.0,2010-10-25T10:22:08,298.43204452546297,0.0,"{blue=null, green=null, red=null, nir=null, swir1=null, swir2=null, tir1=null, tir2=null}",58.71335792541504,"{lake_TIR=null, bkgd_BT=-9.03641357421875, lake_BT=null, bkgd_TIR=3.2537008114159107}","{blue=651, green=647, red=644, nir=639, swir1=509, swir2=633, tir1=54, tir2=43}","{""geodesic"":true,""type"":""Polygon"",""coordinates"":[[[2.8818679999999994,45.499909],[2.8817400000000006,45.492129],[2.89423,45.49203200000001],[2.894705,45.49992400000001],[2.8818679999999994,45.499909]]]}"
LE71970292011077ASN01,1.55,"{shadow_count=0.0, cloud_count=567.0, water_count=0.0, snow_count=0.0, lake_SR={blue=null, green=null, red=null, nir=null, swir1=null, swir2=null}}",0.341,581.0,2011-03-18T10:23:13,77.43279569444445,0.0,"{blue=null, green=null, red=null, nir=null, swir1=null, swir2=null, tir1=null, tir2=null}",49.7796516418457,"{lake_TIR=null, bkgd_BT=1.4053916931152344, lake_BT=null, bkgd_TIR=6.287692959792912}","{blue=591, green=588, red=585, nir=581, swir1=583, swir2=586, tir1=587, tir2=587}","{""geodesic"":true,""type"":""Polygon"",""coordinates"":[[[2.8818679999999994,45.499909],[2.8817400000000006,45.492129],[2.89423,45.49203200000001],[2.894705,45.49992400000001],[2.8818679999999994,45.499909]]]}"
LE71970292011093ASN00,2.4699996948242187,"{shadow_count=0.0, cloud_count=0.0, water_count=0.0, snow_count=1.0, lake_SR={blue=null, green=null, red=null, nir=null, swir1=null, swir2=null}}",0.317,372.0,2011-04-03T10:23:17,93.43283741898148,0.0,"{blue=null, green=null, red=null, nir=null, swir1=null, swir2=null, tir1=null, tir2=null}",43.512245178222656,"{lake_TIR=null, bkgd_BT=14.277938179347826, lake_BT=null, bkgd_TIR=7.752879208196765}","{blue=631, green=628, red=624, nir=621, swir1=622, swir2=624, tir1=622, tir2=622}","{""geodesic"":true,""type"":""Polygon"",""coordinates"":[[[2.8818679999999994,45.499909],[2.8817400000000006,45.492129],[2.89423,45.49203200000001],[2.894705,45.49992400000001],[2.8818679999999994,45.499909]]]}"
LE71970292011109ASN00,1.65,"{shadow_count=0.0, cloud_count=0.0, water_count=213.0, snow_count=0.0, lake_SR={blue=0.026266666666666647, green=0.023666666666666666, red=0.0083511737089202, nir=0.017562441314554, swir1=0.0064676056338028205, swir2=0.003792488262910802}}",0.331,229.0,2011-04-19T10:23:15,109.43281361111111,34.0,"{blue=39.905998699805316, green=23.649687130661572, red=9.82826572306016, nir=5.562204837799072, swir1=0.3965685473334405, swir2=0.071983712575128, tir1=7.234533962463179, tir2=7.231311876206629}",37.69918441772461,"{lake_TIR=7.234533962463179, bkgd_BT=22.919147697327627, lake_BT=9.867568477507561, bkgd_TIR=8.85905368368304}","{blue=543, green=539, red=538, nir=535, swir1=521, swir2=523, tir1=513, tir2=513}","{""geodesic"":true,""type"":""Polygon"",""coordinates"":[[[2.8818679999999994,45.499909],[2.8817400000000006,45.492129],[2.89423,45.49203200000001],[2.894705,45.49992400000001],[2.8818679999999994,45.499909]]]}"
LE71970292011125ASN00,1.0100006103515624,"{shadow_count=0.0, cloud_count=0.0, water_count=6.0, snow_count=0.0, lake_SR={blue=0.026683333333333333, green=0.025050000000000003, red=0.014283333333333335, nir=0.03123333333333333, swir1=0.018500000000000003, swir2=0.011749999999999998}}",0.324,304.0,2011-05-05T10:23:16,125.43282994212963,0.0,"{blue=null, green=null, red=null, nir=null, swir1=null, swir2=null, tir1=null, tir2=null}",32.830230712890625,"{lake_TIR=null, bkgd_BT=15.253412246704102, lake_BT=null, bkgd_TIR=7.891253637340427}","{blue=642, green=640, red=636, nir=634, swir1=630, swir2=633, tir1=631, tir2=631}","{""geodesic"":true,""type"":""Polygon"",""coordinates"":[[[2.8818679999999994,45.499909],[2.8817400000000006,45.492129],[2.89423,45.49203200000001],[2.894705,45.49992400000001],[2.8818679999999994,45.499909]]]}"
LE71970292011253ASN00,2.6399993896484375,"{shadow_count=0.0, cloud_count=0.0, water_count=118.0, snow_count=0.0, lake_SR={blue=0.021983898305084747, green=0.015638135593220318, red=0.004562711864406781, nir=0.01950508474576271, swir1=0.0052466101694915255, swir2=0.0021025423728813536}}",0.281,308.0,2011-09-10T10:22:57,253.4326145486111,1.0,"{blue=37.48621988296509, green=20.21653664112091, red=9.137794971466064, nir=4.592913508415222, swir1=0.3385432958602905, swir2=0.0489763468503952, tir1=8.385826833546162, tir2=8.371456637978554}",43.232330322265625,"{lake_TIR=8.385826833546162, bkgd_BT=23.921969035204032, lake_BT=19.277008056640625, bkgd_TIR=8.99091937575683}","{blue=538, green=533, red=531, nir=528, swir1=517, swir2=520, tir1=514, tir2=514}","{""geodesic"":true,""type"":""Polygon"",""coordinates"":[[[2.8818679999999994,45.499909],[2.8817400000000006,45.492129],[2.89423,45.49203200000001],[2.894705,45.49992400000001],[2.8818679999999994,45.499909]]]}"
LE71970292011269ASN00,2.4699996948242187,"{shadow_count=0.0, cloud_count=0.0, water_count=111.0, snow_count=0.0, lake_SR={blue=0.023800900900900913, green=0.01698198198198199, red=0.0058216216216216195, nir=0.022280180180180204, swir1=0.006520720720720714, swir2=0.003917117117117118}}",0.275,295.0,2011-09-26T10:22:54,269.4325759490741,0.0,"{blue=null, green=null, red=null, nir=null, swir1=null, swir2=null, tir1=null, tir2=null}",48.62535858154297,"{lake_TIR=null, bkgd_BT=17.66626788200216, lake_BT=null, bkgd_TIR=8.185459098778665}","{blue=544, green=540, red=535, nir=531, swir1=521, swir2=525, tir1=518, tir2=518}","{""geodesic"":true,""type"":""Polygon"",""coordinates"":[[[2.8818679999999994,45.499909],[2.8817400000000006,45.492129],[2.89423,45.49203200000001],[2.894705,45.49992400000001],[2.8818679999999994,45.499909]]]}"
LE71970292011285EDC00,1.6899993896484375,"{shadow_count=0.0, cloud_count=0.0, water_count=117.0, snow_count=0.0, lake_SR={blue=0.02026410256410256, green=0.012888888888888889, red=0.0021547008547008546, nir=0.011597435897435912, swir1=0.004326495726495729, swir2=0.0019290598290598296}}",0.239,229.0,2011-10-12T10:22:53,285.43256527777777,204.0,"{blue=31.168075936682083, green=16.27235976913396, red=6.957689004785874, nir=3.6591187443803337, swir1=0.213466209940391, swir2=0.03117054774619565, tir1=7.718430684172902, tir2=7.725582632720471}",54.181549072265625,"{lake_TIR=7.718430684172902, bkgd_BT=16.985959165910096, lake_BT=13.918988458041486, bkgd_TIR=8.103789229021997}","{blue=654, green=651, red=646, nir=642, swir1=632, swir2=637, tir1=248, tir2=187}","{""geodesic"":true,""type"":""Polygon"",""coordinates"":[[[2.8818679999999994,45.499909],[2.8817400000000006,45.492129],[2.89423,45.49203200000001],[2.894705,45.49992400000001],[2.8818679999999994,45.499909]]]}"
LE71970292011317ASN00,1.179998779296875,"{shadow_count=0.0, cloud_count=0.0, water_count=158.0, snow_count=0.0, lake_SR={blue=0.036357594936708884, green=0.025077215189873426, red=0.014627848101265824, nir=0.022624050632911435, swir1=0.010022151898734191, swir2=0.005652531645569621}}",0.265,260.0,2011-11-13T10:23:12,317.4327884837963,25.0,"{blue=28.8744571018219, green=15.519590442180634, red=7.457937278747559, nir=3.4984251379966738, swir1=0.22686307668685912, swir2=0.03629918247461319, tir1=7.0736126506328585, tir2=7.09012595012784}",64.29809951782227,"{lake_TIR=7.0736126506328585, bkgd_BT=7.619297312266791, lake_BT=8.485892333984374, bkgd_TIR=6.675597349607519}","{blue=531, green=526, red=521, nir=520, swir1=507, swir2=512, tir1=424, tir2=413}","{""geodesic"":true,""type"":""Polygon"",""coordinates"":[[[2.8818679999999994,45.499909],[2.8817400000000006,45.492129],[2.89423,45.49203200000001],[2.894705,45.49992400000001],[2.8818679999999994,45.499909]]]}"
LE71970292011333ASN00,1.1600006103515625,"{shadow_count=0.0, cloud_count=0.0, water_count=331.0, snow_count=0.0, lake_SR={blue=0.02935619335347427, green=0.0205181268882175, red=0.01228610271903326, nir=0.016496374622356508, swir1=0.005694864048338366, swir2=0.00322779456193353}}",0.262,123.0,2011-11-29T10:23:22,333.4328976273148,156.0,"{blue=24.280688820741116, green=12.643637626216961, red=6.062245344504332, nir=2.6345800031454134, swir1=0.15010109553603748, swir2=0.01925657075994155, tir1=6.846998692946188, tir2=6.839135185808971}",67.94024467468262,"{lake_TIR=6.846998692946188, bkgd_BT=7.100075169613487, lake_BT=6.50968017578125, bkgd_TIR=6.915217622526382}","{blue=556, green=553, red=549, nir=549, swir1=532, swir2=536, tir1=526, tir2=526}","{""geodesic"":true,""type"":""Polygon"",""coordinates"":[[[2.8818679999999994,45.499909],[2.8817400000000006,45.492129],[2.89423,45.49203200000001],[2.894705,45.49992400000001],[2.8818679999999994,45.499909]]]}"
LE71970292011349ASN00,1.1100006103515625,"{shadow_count=0.0, cloud_count=605.0, water_count=0.0, snow_count=0.0, lake_SR={blue=null, green=null, red=null, nir=null, swir1=null, swir2=null}}",0.339,639.0,2011-12-15T10:23:27,349.4329612962963,0.0,"{blue=null, green=null, red=null, nir=null, swir1=null, swir2=null, tir1=null, tir2=null}",70.0608139038086,"{lake_TIR=null, bkgd_BT=-27.02164873395647, lake_BT=null, bkgd_TIR=3.6418447962829044}","{blue=647, green=642, red=641, nir=639, swir1=624, swir2=626, tir1=617, tir2=617}","{""geodesic"":true,""type"":""Polygon"",""coordinates"":[[[2.8818679999999994,45.499909],[2.8817400000000006,45.492129],[2.89423,45.49203200000001],[2.894705,45.49992400000001],[2.8818679999999994,45.499909]]]}"
LE71970292012080ASN00,1.0,"{shadow_count=0.0, cloud_count=493.0, water_count=0.0, snow_count=0.0, lake_SR={blue=null, green=null, red=null, nir=null, swir1=null, swir2=null}}",0.42,527.0,2012-03-20T10:23:47,80.43318873842593,0.0,"{blue=null, green=null, red=null, nir=null, swir1=null, swir2=null, tir1=null, tir2=null}",48.646244049072266,"{lake_TIR=null, bkgd_BT=-7.002780033991887, lake_BT=null, bkgd_TIR=5.412083625650177}","{blue=540, green=536, red=531, nir=527, swir1=518, swir2=523, tir1=513, tir2=513}","{""geodesic"":true,""type"":""Polygon"",""coordinates"":[[[2.8818679999999994,45.499909],[2.8817400000000006,45.492129],[2.89423,45.49203200000001],[2.894705,45.49992400000001],[2.8818679999999994,45.499909]]]}"
LE71970292012096ASN00,1.4100006103515625,"{shadow_count=0.0, cloud_count=494.0, water_count=0.0, snow_count=0.0, lake_SR={blue=null, green=null, red=null, nir=null, swir1=null, swir2=null}}",0.363,527.0,2012-04-05T10:23:44,96.43315703703703,0.0,"{blue=null, green=null, red=null, nir=null, swir1=null, swir2=null, tir1=null, tir2=null}",42.420894622802734,"{lake_TIR=null, bkgd_BT=-0.07087305972450658, lake_BT=null, bkgd_TIR=6.115474558190296}","{blue=539, green=535, red=532, nir=527, swir1=518, swir2=523, tir1=515, tir2=515}","{""geodesic"":true,""type"":""Polygon"",""coordinates"":[[[2.8818679999999994,45.499909],[2.8817400000000006,45.492129],[2.89423,45.49203200000001],[2.894705,45.49992400000001],[2.8818679999999994,45.499909]]]}"
LE71970292012128ASN00,1.4,"{shadow_count=0.0, cloud_count=201.0, water_count=2.0, snow_count=0.0, lake_SR={blue=0.0519, green=0.05135, red=0.0363, nir=0.0468, swir1=0.0356, swir2=0.0247}}",0.388,450.0,2012-05-07T10:24:15,128.43351607638888,0.0,"{blue=null, green=null, red=null, nir=null, swir1=null, swir2=null, tir1=null, tir2=null}",32.08083724975586,"{lake_TIR=null, bkgd_BT=11.740304674421038, lake_BT=null, bkgd_TIR=7.464583857118019}","{blue=592, green=587, red=585, nir=582, swir1=571, swir2=573, tir1=566, tir2=566}","{""geodesic"":true,""type"":""Polygon"",""coordinates"":[[[2.8818679999999994,45.499909],[2.8817400000000006,45.492129],[2.89423,45.49203200000001],[2.894705,45.49992400000001],[2.8818679999999994,45.499909]]]}"
LE71970292012192ASN00,2.3100006103515627,"{shadow_count=0.0, cloud_count=163.0, water_count=0.0, snow_count=0.0, lake_SR={blue=null, green=null, red=null, nir=null, swir1=null, swir2=null}}",0.312,642.0,2012-07-10T10:24:23,192.43360145833333,0.0,"{blue=null, green=null, red=null, nir=null, swir1=null, swir2=null, tir1=null, tir2=null}",28.520912170410156,"{lake_TIR=null, bkgd_BT=-18.181257247924805, lake_BT=null, bkgd_TIR=2.498976396396756}","{blue=653, green=648, red=645, nir=642, swir1=630, swir2=632, tir1=177, tir2=120}","{""geodesic"":true,""type"":""Polygon"",""coordinates"":[[[2.8818679999999994,45.499909],[2.8817400000000006,45.492129],[2.89423,45.49203200000001],[2.894705,45.49992400000001],[2.8818679999999994,45.499909]]]}"
LE71970292012224ASN00,1.479998779296875,"{shadow_count=0.0, cloud_count=0.0, water_count=0.0, snow_count=0.0, lake_SR={blue=null, green=null, red=null, nir=null, swir1=null, swir2=null}}",0.298,272.0,2012-08-11T10:24:45,224.43385873842593,0.0,"{blue=null, green=null, red=null, nir=null, swir1=null, swir2=null, tir1=null, tir2=null}",34.57530212402344,"{lake_TIR=null, bkgd_BT=22.410146713256836, lake_BT=null, bkgd_TIR=8.577545916483164}","{blue=540, green=536, red=535, nir=532, swir1=495, swir2=521, tir1=140, tir2=92}","{""geodesic"":true,""type"":""Polygon"",""coordinates"":[[[2.8818679999999994,45.499909],[2.8817400000000006,45.492129],[2.89423,45.49203200000001],[2.894705,45.49992400000001],[2.8818679999999994,45.499909]]]}"
LE71970292012240EDC03,2.05,"{shadow_count=0.0, cloud_count=0.0, water_count=0.0, snow_count=0.0, lake_SR={blue=null, green=null, red=null, nir=null, swir1=null, swir2=null}}",0.275,230.0,2012-08-27T10:24:54,240.43396221064816,308.0,"{blue=37.6280582593633, green=23.637877134920714, red=9.07353226705031, nir=5.020912277234065, swir1=0.2837806239794118, swir2=0.041734201778279675, tir1=null, tir2=null}",38.92236328125,"{lake_TIR=null, bkgd_BT=18.548601477486745, lake_BT=null, bkgd_TIR=8.017418983502914}","{blue=649, green=647, red=642, nir=639, swir1=469, swir2=633, tir1=26, tir2=26}","{""geodesic"":true,""type"":""Polygon"",""coordinates"":[[[2.8818679999999994,45.499909],[2.8817400000000006,45.492129],[2.89423,45.49203200000001],[2.894705,45.49992400000001],[2.8818679999999994,45.499909]]]}"
LE71970292012304ASN00,1.2,"{shadow_count=0.0, cloud_count=0.0, water_count=325.0, snow_count=1.0, lake_SR={blue=0.021076923076923132, green=0.015040000000000019, red=0.007368615384615382, nir=0.01216215384615386, swir1=0.004769846153846155, swir2=0.0028763076923076967}}",0.295,220.0,2012-10-30T10:25:30,304.43437939814817,180.0,"{blue=25.83650518125958, green=13.463963174819947, red=6.099969620174832, nir=2.9041556782192655, swir1=0.1633321019510428, swir2=0.033616549149155614, tir1=6.9315381089018455, tir2=6.926673196877043}",60.30361557006836,"{lake_TIR=6.9315381089018455, bkgd_BT=3.82790774390811, lake_BT=7.251643371582031, bkgd_TIR=6.547973051702693}","{blue=649, green=646, red=642, nir=641, swir1=632, swir2=636, tir1=630, tir2=630}","{""geodesic"":true,""type"":""Polygon"",""coordinates"":[[[2.8818679999999994,45.499909],[2.8817400000000006,45.492129],[2.89423,45.49203200000001],[2.894705,45.49992400000001],[2.8818679999999994,45.499909]]]}"
LE71970292012320ASN00,1.5600006103515625,"{shadow_count=0.0, cloud_count=0.0, water_count=360.0, snow_count=0.0, lake_SR={blue=0.02852777777777773, green=0.02127694444444442, red=0.012579444444444414, nir=0.018893611111111177, swir1=0.008972500000000057, swir2=0.005249999999999997}}",0.275,135.0,2012-11-15T10:25:36,320.43445350694446,132.0,"{blue=25.8050409320629, green=13.830693663521247, red=6.61361872066151, nir=3.2023889923637565, swir1=0.25027846644713186, swir2=0.04679346113698557, tir1=6.876646349966526, tir2=6.869576347410679}",64.89485168457031,"{lake_TIR=6.876646349966526, bkgd_BT=11.260038292926291, lake_BT=6.77048876953125, bkgd_TIR=7.3999452788544735}","{blue=600, green=597, red=594, nir=593, swir1=577, swir2=581, tir1=565, tir2=565}","{""geodesic"":true,""type"":""Polygon"",""coordinates"":[[[2.8818679999999994,45.499909],[2.8817400000000006,45.492129],[2.89423,45.49203200000001],[2.894705,45.49992400000001],[2.8818679999999994,45.499909]]]}"
LE71970292012336ASN00,0.629998779296875,"{shadow_count=1.0, cloud_count=290.0, water_count=131.0, snow_count=69.0, lake_SR={blue=0.07321450381679381, green=0.04815648854961832, red=0.033778625954198484, nir=0.03702977099236641, swir1=0.013854198473282429, swir2=0.011374045801526724}}",0.314,395.0,2012-12-01T10:25:38,336.43447363425923,0.0,"{blue=null, green=null, red=null, nir=null, swir1=null, swir2=null, tir1=null, tir2=null}",68.3012638092041,"{lake_TIR=null, bkgd_BT=-7.759745279947917, lake_BT=null, bkgd_TIR=2.5281061106606533}","{blue=637, green=635, red=631, nir=628, swir1=615, swir2=618, tir1=548, tir2=519}","{""geodesic"":true,""type"":""Polygon"",""coordinates"":[[[2.8818679999999994,45.499909],[2.8817400000000006,45.492129],[2.89423,45.49203200000001],[2.894705,45.49992400000001],[2.8818679999999994,45.499909]]]}"
LE71970292012352ASN00,1.4,"{shadow_count=0.0, cloud_count=608.0, water_count=0.0, snow_count=0.0, lake_SR={blue=null, green=null, red=null, nir=null, swir1=null, swir2=null}}",0.28,629.0,2012-12-17T10:25:46,352.4345611574074,0.0,"{blue=null, green=null, red=null, nir=null, swir1=null, swir2=null, tir1=null, tir2=null}",70.12279319763184,"{lake_TIR=null, bkgd_BT=-18.049965540568035, lake_BT=null, bkgd_TIR=4.391377985167007}","{blue=637, green=635, red=633, nir=629, swir1=627, swir2=630, tir1=626, tir2=626}","{""geodesic"":true,""type"":""Polygon"",""coordinates"":[[[2.8818679999999994,45.499909],[2.8817400000000006,45.492129],[2.89423,45.49203200000001],[2.894705,45.49992400000001],[2.8818679999999994,45.499909]]]}"
LE71970292013050ASN00,0.770001220703125,"{shadow_count=0.0, cloud_count=145.0, water_count=8.0, snow_count=447.0, lake_SR={blue=0.17250000000000001, green=0.1102, red=0.08116249999999998, nir=0.0699, swir1=0.00385, swir2=0.0033500000000000005}}",0.337,633.0,2013-02-19T10:25:50,50.43461578703704,0.0,"{blue=null, green=null, red=null, nir=null, swir1=null, swir2=null, tir1=null, tir2=null}",59.57306098937988,"{lake_TIR=null, bkgd_BT=-4.784173329671224, lake_BT=null, bkgd_TIR=5.629685080920656}","{blue=663, green=659, red=654, nir=651, swir1=643, swir2=647, tir1=638, tir2=638}","{""geodesic"":true,""type"":""Polygon"",""coordinates"":[[[2.8818679999999994,45.499909],[2.8817400000000006,45.492129],[2.89423,45.49203200000001],[2.894705,45.49992400000001],[2.8818679999999994,45.499909]]]}"
LE71970292013066SG100,1.9,"{shadow_count=0.0, cloud_count=495.0, water_count=0.0, snow_count=0.0, lake_SR={blue=null, green=null, red=null, nir=null, swir1=null, swir2=null}}",0.323,530.0,2013-03-07T10:25:48,66.4345907175926,0.0,"{blue=null, green=null, red=null, nir=null, swir1=null, swir2=null, tir1=null, tir2=null}",53.673095703125,"{lake_TIR=null, bkgd_BT=-3.5635626377203526, lake_BT=null, bkgd_TIR=5.752247165410947}","{blue=539, green=536, red=534, nir=530, swir1=518, swir2=520, tir1=511, tir2=511}","{""geodesic"":true,""type"":""Polygon"",""coordinates"":[[[2.8818679999999994,45.499909],[2.8817400000000006,45.492129],[2.89423,45.49203200000001],[2.894705,45.49992400000001],[2.8818679999999994,45.499909]]]}"
LE71970292013114ASN00,1.6100006103515625,"{shadow_count=0.0, cloud_count=0.0, water_count=291.0, snow_count=0.0, lake_SR={blue=0.02897594501718213, green=0.02585841924398626, red=0.013537113402061846, nir=0.020305841924398604, swir1=0.008526116838487972, swir2=0.005011683848797248}}",0.301,289.0,2013-04-24T10:25:34,114.43442289351852,10.0,"{blue=41.84826829433441, green=24.194763547182085, red=11.598149967193603, nir=5.562204837799072, swir1=0.45153553038835526, swir2=0.08897634595632553, tir1=6.950173279643058, tir2=6.935354299098253}",35.66309356689453,"{lake_TIR=6.950173279643058, bkgd_BT=23.533192462737492, lake_BT=7.492977905273437, bkgd_TIR=8.927595079375592}","{blue=625, green=622, red=619, nir=617, swir1=615, swir2=618, tir1=619, tir2=619}","{""geodesic"":true,""type"":""Polygon"",""coordinates"":[[[2.8818679999999994,45.499909],[2.8817400000000006,45.492129],[2.89423,45.49203200000001],[2.894705,45.49992400000001],[2.8818679999999994,45.499909]]]}"
LE71970292013130ASN00,1.670001220703125,"{shadow_count=134.0, cloud_count=248.0, water_count=16.0, snow_count=0.0, lake_SR={blue=0.03019374999999999, green=0.02333750000000001, red=0.0062375, nir=0.021575000000000007, swir1=0.0084375, swir2=0.00551875}}",0.345,414.0,2013-05-10T10:25:32,130.43439974537037,0.0,"{blue=null, green=null, red=null, nir=null, swir1=null, swir2=null, tir1=null, tir2=null}",31.20948028564453,"{lake_TIR=null, bkgd_BT=8.095681871686663, lake_BT=null, bkgd_TIR=7.0381046638691}","{blue=541, green=539, red=536, nir=531, swir1=523, swir2=526, tir1=515, tir2=515}","{""geodesic"":true,""type"":""Polygon"",""coordinates"":[[[2.8818679999999994,45.499909],[2.8817400000000006,45.492129],[2.89423,45.49203200000001],[2.894705,45.49992400000001],[2.8818679999999994,45.499909]]]}"
LE71970292013146ASN00,1.5600006103515625,"{shadow_count=0.0, cloud_count=550.0, water_count=0.0, snow_count=0.0, lake_SR={blue=null, green=null, red=null, nir=null, swir1=null, swir2=null}}",0.356,585.0,2013-05-26T10:25:28,146.43435994212962,0.0,"{blue=null, green=null, red=null, nir=null, swir1=null, swir2=null, tir1=null, tir2=null}",28.2276611328125,"{lake_TIR=null, bkgd_BT=-7.478417473870355, lake_BT=null, bkgd_TIR=5.357863414730574}","{blue=593, green=590, red=586, nir=585, swir1=569, swir2=573, tir1=557, tir2=557}","{""geodesic"":true,""type"":""Polygon"",""coordinates"":[[[2.8818679999999994,45.499909],[2.8817400000000006,45.492129],[2.89423,45.49203200000001],[2.894705,45.49992400000001],[2.8818679999999994,45.499909]]]}"
LE71970292013162ASN00,2.8399993896484377,"{shadow_count=0.0, cloud_count=593.0, water_count=0.0, snow_count=0.0, lake_SR={blue=null, green=null, red=null, nir=null, swir1=null, swir2=null}}",0.332,607.0,2013-06-11T10:25:20,162.4342654050926,0.0,"{blue=null, green=null, red=null, nir=null, swir1=null, swir2=null, tir1=null, tir2=null}",26.905746459960938,"{lake_TIR=null, bkgd_BT=-5.3360833740234375, lake_BT=null, bkgd_TIR=5.572214214354753}","{blue=617, green=614, red=612, nir=607, swir1=612, swir2=614, tir1=613, tir2=613}","{""geodesic"":true,""type"":""Polygon"",""coordinates"":[[[2.8818679999999994,45.499909],[2.8817400000000006,45.492129],[2.89423,45.49203200000001],[2.894705,45.49992400000001],[2.8818679999999994,45.499909]]]}"
LE71970292013194ASN00,1.7600006103515624,"{shadow_count=0.0, cloud_count=0.0, water_count=0.0, snow_count=0.0, lake_SR={blue=null, green=null, red=null, nir=null, swir1=null, swir2=null}}",0.334,552.0,2013-07-13T10:25:03,194.43406780092593,0.0,"{blue=null, green=null, red=null, nir=null, swir1=null, swir2=null, tir1=null, tir2=null}",28.823772430419922,"{lake_TIR=null, bkgd_BT=22.367043419612358, lake_BT=null, bkgd_TIR=8.775309446641067}","{blue=558, green=556, red=554, nir=552, swir1=536, swir2=541, tir1=528, tir2=528}","{""geodesic"":true,""type"":""Polygon"",""coordinates"":[[[2.8818679999999994,45.499909],[2.8817400000000006,45.492129],[2.89423,45.49203200000001],[2.894705,45.49992400000001],[2.8818679999999994,45.499909]]]}"
LE71970292013226ASN00,2.1399993896484375,"{shadow_count=0.0, cloud_count=0.0, water_count=0.0, snow_count=0.0, lake_SR={blue=null, green=null, red=null, nir=null, swir1=null, swir2=null}}",0.312,370.0,2013-08-14T10:24:55,226.43398144675925,0.0,"{blue=null, green=null, red=null, nir=null, swir1=null, swir2=null, tir1=null, tir2=null}",35.25086212158203,"{lake_TIR=null, bkgd_BT=-3.0170435751638105, lake_BT=null, bkgd_TIR=2.6308831860487527}","{blue=522, green=519, red=515, nir=512, swir1=162, swir2=468, tir1=2, tir2=2}","{""geodesic"":true,""type"":""Polygon"",""coordinates"":[[[2.8818679999999994,45.499909],[2.8817400000000006,45.492129],[2.89423,45.49203200000001],[2.894705,45.49992400000001],[2.8818679999999994,45.499909]]]}"
LE71970292013242ASN00,1.870001220703125,"{shadow_count=0.0, cloud_count=0.0, water_count=0.0, snow_count=0.0, lake_SR={blue=null, green=null, red=null, nir=null, swir1=null, swir2=null}}",0.307,247.0,2013-08-30T10:25:07,242.43411167824075,0.0,"{blue=null, green=null, red=null, nir=null, swir1=null, swir2=null, tir1=null, tir2=null}",39.721736907958984,"{lake_TIR=null, bkgd_BT=19.41143798828125, lake_BT=null, bkgd_TIR=2.436758971502704}","{blue=648, green=644, red=641, nir=638, swir1=374, swir2=630, tir1=14, tir2=14}","{""geodesic"":true,""type"":""Polygon"",""coordinates"":[[[2.8818679999999994,45.499909],[2.8817400000000006,45.492129],[2.89423,45.49203200000001],[2.894705,45.49992400000001],[2.8818679999999994,45.499909]]]}"
LE71970292013338ASN00,1.0100006103515624,"{shadow_count=5.0, cloud_count=39.0, water_count=250.0, snow_count=131.0, lake_SR={blue=0.09756080000000004, green=0.07384480000000007, red=0.0600404000000002, nir=0.05900519999999997, swir1=0.01815199999999998, swir2=0.014451199999999992}}",0.241,213.0,2013-12-04T10:25:59,338.4347221527778,0.0,"{blue=null, green=null, red=null, nir=null, swir1=null, swir2=null, tir1=null, tir2=null}",68.72058486938477,"{lake_TIR=null, bkgd_BT=-1.6692938910590278, lake_BT=null, bkgd_TIR=5.949837314254708}","{blue=538, green=533, red=530, nir=526, swir1=516, swir2=519, tir1=509, tir2=509}","{""geodesic"":true,""type"":""Polygon"",""coordinates"":[[[2.8818679999999994,45.499909],[2.8817400000000006,45.492129],[2.89423,45.49203200000001],[2.894705,45.49992400000001],[2.8818679999999994,45.499909]]]}"
LE71970292014005ASN00,1.1100006103515625,"{shadow_count=0.0, cloud_count=605.0, water_count=0.0, snow_count=0.0, lake_SR={blue=null, green=null, red=null, nir=null, swir1=null, swir2=null}}",0.323,639.0,2014-01-05T10:26:06,5.4347987384259255,0.0,"{blue=null, green=null, red=null, nir=null, swir1=null, swir2=null, tir1=null, tir2=null}",69.88555526733398,"{lake_TIR=null, bkgd_BT=-5.166053771972656, lake_BT=null, bkgd_TIR=5.588687705289987}","{blue=647, green=646, red=642, nir=639, swir1=625, swir2=629, tir1=617, tir2=617}","{""geodesic"":true,""type"":""Polygon"",""coordinates"":[[[2.8818679999999994,45.499909],[2.8817400000000006,45.492129],[2.89423,45.49203200000001],[2.894705,45.49992400000001],[2.8818679999999994,45.499909]]]}"
LE71970292014021ASN00,0.6399993896484375,"{shadow_count=56.0, cloud_count=144.0, water_count=148.0, snow_count=117.0, lake_SR={blue=0.10329189189189186, green=0.06034594594594594, red=0.03583243243243241, nir=0.03192229729729729, swir1=0.0017864864864864855, swir2=0.002185135135135132}}",0.37,249.0,2014-01-21T10:26:22,21.434979270833335,85.0,"{blue=32.04106941784129, green=16.401974208214703, red=8.705344772338867, nir=3.5780084694133087, swir1=0.10013854503631592, swir2=0.02851602091239049, tir1=5.8972760596992195, tir2=5.905386769540004}",67.66120719909668,"{lake_TIR=5.8972760596992195, bkgd_BT=-5.33886350434402, lake_BT=-2.145137477565456, bkgd_TIR=5.571659014785085}","{blue=558, green=554, red=551, nir=547, swir1=536, swir2=539, tir1=530, tir2=530}","{""geodesic"":true,""type"":""Polygon"",""coordinates"":[[[2.8818679999999994,45.499909],[2.8817400000000006,45.492129],[2.89423,45.49203200000001],[2.894705,45.49992400000001],[2.8818679999999994,45.499909]]]}"
LE71970292014037ASN00,1.8600006103515625,"{shadow_count=0.0, cloud_count=547.0, water_count=0.0, snow_count=0.0, lake_SR={blue=null, green=null, red=null, nir=null, swir1=null, swir2=null}}",0.305,581.0,2014-02-06T10:26:33,37.435108854166664,0.0,"{blue=null, green=null, red=null, nir=null, swir1=null, swir2=null, tir1=null, tir2=null}",63.756744384765625,"{lake_TIR=null, bkgd_BT=-28.76473659939236, lake_BT=null, bkgd_TIR=3.507139133496417}","{blue=589, green=587, red=586, nir=581, swir1=568, swir2=570, tir1=556, tir2=556}","{""geodesic"":true,""type"":""Polygon"",""coordinates"":[[[2.8818679999999994,45.499909],[2.8817400000000006,45.492129],[2.89423,45.49203200000001],[2.894705,45.49992400000001],[2.8818679999999994,45.499909]]]}"
LE71970292014053ASN00,1.3,"{shadow_count=0.0, cloud_count=526.0, water_count=0.0, snow_count=0.0, lake_SR={blue=null, green=null, red=null, nir=null, swir1=null, swir2=null}}",0.363,543.0,2014-02-22T10:26:22,53.43498196759259,0.0,"{blue=null, green=null, red=null, nir=null, swir1=null, swir2=null, tir1=null, tir2=null}",58.553598403930664,"{lake_TIR=null, bkgd_BT=-7.5302734375, lake_BT=null, bkgd_TIR=5.355537106827745}","{blue=552, green=550, red=546, nir=543, swir1=543, swir2=546, tir1=546, tir2=546}","{""geodesic"":true,""type"":""Polygon"",""coordinates"":[[[2.8818679999999994,45.499909],[2.8817400000000006,45.492129],[2.89423,45.49203200000001],[2.894705,45.49992400000001],[2.8818679999999994,45.499909]]]}"
LE71970292014069ASN00,0.65,"{shadow_count=0.0, cloud_count=210.0, water_count=15.0, snow_count=193.0, lake_SR={blue=0.11057333333333337, green=0.07690666666666666, red=0.056499999999999995, nir=0.05961333333333334, swir1=0.005013333333333333, swir2=0.0021666666666666666}}",0.333,474.0,2014-03-10T10:26:28,69.43505364583334,0.0,"{blue=null, green=null, red=null, nir=null, swir1=null, swir2=null, tir1=null, tir2=null}",52.532012939453125,"{lake_TIR=null, bkgd_BT=2.929962158203125, lake_BT=null, bkgd_TIR=3.3543307334184647}","{blue=526, green=525, red=522, nir=518, swir1=506, swir2=510, tir1=466, tir2=454}","{""geodesic"":true,""type"":""Polygon"",""coordinates"":[[[2.8818679999999994,45.499909],[2.8817400000000006,45.492129],[2.89423,45.49203200000001],[2.894705,45.49992400000001],[2.8818679999999994,45.499909]]]}"
LE71970292014085ASN00,0.820001220703125,"{shadow_count=0.0, cloud_count=414.0, water_count=0.0, snow_count=0.0, lake_SR={blue=null, green=null, red=null, nir=null, swir1=null, swir2=null}}",0.427,524.0,2014-03-26T10:26:35,85.43513148148148,0.0,"{blue=null, green=null, red=null, nir=null, swir1=null, swir2=null, tir1=null, tir2=null}",46.20462417602539,"{lake_TIR=null, bkgd_BT=-17.397344970703124, lake_BT=null, bkgd_TIR=1.4985699195515465}","{blue=532, green=530, red=526, nir=524, swir1=511, swir2=516, tir1=425, tir2=397}","{""geodesic"":true,""type"":""Polygon"",""coordinates"":[[[2.8818679999999994,45.499909],[2.8817400000000006,45.492129],[2.89423,45.49203200000001],[2.894705,45.49992400000001],[2.8818679999999994,45.499909]]]}"
LE71970292014101ASN00,1.670001220703125,"{shadow_count=0.0, cloud_count=350.0, water_count=0.0, snow_count=0.0, lake_SR={blue=null, green=null, red=null, nir=null, swir1=null, swir2=null}}",0.341,627.0,2014-04-11T10:26:41,101.43519817129629,0.0,"{blue=null, green=null, red=null, nir=null, swir1=null, swir2=null, tir1=null, tir2=null}",40.08467102050781,"{lake_TIR=null, bkgd_BT=1.7175052040501644, lake_BT=null, bkgd_TIR=2.1032242177609812}","{blue=635, green=632, red=629, nir=627, swir1=622, swir2=625, tir1=367, tir2=341}","{""geodesic"":true,""type"":""Polygon"",""coordinates"":[[[2.8818679999999994,45.499909],[2.8817400000000006,45.492129],[2.89423,45.49203200000001],[2.894705,45.49992400000001],[2.8818679999999994,45.499909]]]}"
LE71970292014117ASN00,1.5399993896484374,"{shadow_count=0.0, cloud_count=490.0, water_count=0.0, snow_count=0.0, lake_SR={blue=null, green=null, red=null, nir=null, swir1=null, swir2=null}}",0.381,524.0,2014-04-27T10:26:52,117.43532939814814,0.0,"{blue=null, green=null, red=null, nir=null, swir1=null, swir2=null, tir1=null, tir2=null}",34.67097473144531,"{lake_TIR=null, bkgd_BT=-5.95640726292387, lake_BT=null, bkgd_TIR=5.5096666514873505}","{blue=536, green=531, red=526, nir=524, swir1=511, swir2=516, tir1=509, tir2=509}","{""geodesic"":true,""type"":""Polygon"",""coordinates"":[[[2.8818679999999994,45.499909],[2.8817400000000006,45.492129],[2.89423,45.49203200000001],[2.894705,45.49992400000001],[2.8818679999999994,45.499909]]]}"
LE71970292014133ASN00,1.470001220703125,"{shadow_count=0.0, cloud_count=524.0, water_count=0.0, snow_count=0.0, lake_SR={blue=null, green=null, red=null, nir=null, swir1=null, swir2=null}}",0.403,558.0,2014-05-13T10:26:58,133.43539628472223,0.0,"{blue=null, green=null, red=null, nir=null, swir1=null, swir2=null, tir1=null, tir2=null}",30.420101165771484,"{lake_TIR=null, bkgd_BT=-16.543956859691722, lake_BT=null, bkgd_TIR=4.511121548510887}","{blue=565, green=561, red=559, nir=558, swir1=543, swir2=545, tir1=533, tir2=533}","{""geodesic"":true,""type"":""Polygon"",""coordinates"":[[[2.8818679999999994,45.499909],[2.8817400000000006,45.492129],[2.89423,45.49203200000001],[2.894705,45.49992400000001],[2.8818679999999994,45.499909]]]}"
LE71970292014149ASN00,1.820001220703125,"{shadow_count=0.0, cloud_count=490.0, water_count=0.0, snow_count=0.0, lake_SR={blue=null, green=null, red=null, nir=null, swir1=null, swir2=null}}",0.366,524.0,2014-05-29T10:27:02,149.43544677083332,0.0,"{blue=null, green=null, red=null, nir=null, swir1=null, swir2=null, tir1=null, tir2=null}",27.68370819091797,"{lake_TIR=null, bkgd_BT=-2.3516073024019284, lake_BT=null, bkgd_TIR=5.8964852169156075}","{blue=535, green=531, red=528, nir=524, swir1=514, swir2=518, tir1=511, tir2=511}","{""geodesic"":true,""type"":""Polygon"",""coordinates"":[[[2.8818679999999994,45.499909],[2.8817400000000006,45.492129],[2.89423,45.49203200000001],[2.894705,45.49992400000001],[2.8818679999999994,45.499909]]]}"
LE71970292014165ASN00,2.4600006103515626,"{shadow_count=74.0, cloud_count=413.0, water_count=0.0, snow_count=0.0, lake_SR={blue=null, green=null, red=null, nir=null, swir1=null, swir2=null}}",0.343,390.0,2014-06-14T10:27:04,165.43546432870372,0.0,"{blue=null, green=null, red=null, nir=null, swir1=null, swir2=null, tir1=null, tir2=null}",26.612415313720703,"{lake_TIR=null, bkgd_BT=20.10636184644248, lake_BT=null, bkgd_TIR=8.485081162503466}","{blue=586, green=583, red=580, nir=579, swir1=563, swir2=566, tir1=553, tir2=553}","{""geodesic"":true,""type"":""Polygon"",""coordinates"":[[[2.8818679999999994,45.499909],[2.8817400000000006,45.492129],[2.89423,45.49203200000001],[2.894705,45.49992400000001],[2.8818679999999994,45.499909]]]}"
LE71970292014181ASN00,2.079998779296875,"{shadow_count=118.0, cloud_count=419.0, water_count=0.0, snow_count=0.0, lake_SR={blue=null, green=null, red=null, nir=null, swir1=null, swir2=null}}",0.322,540.0,2014-06-30T10:27:09,181.43552858796295,0.0,"{blue=null, green=null, red=null, nir=null, swir1=null, swir2=null, tir1=null, tir2=null}",27.11716079711914,"{lake_TIR=null, bkgd_BT=13.242413776676829, lake_BT=null, bkgd_TIR=7.633693161776395}","{blue=637, green=634, red=632, nir=629, swir1=626, swir2=628, tir1=626, tir2=626}","{""geodesic"":true,""type"":""Polygon"",""coordinates"":[[[2.8818679999999994,45.499909],[2.8817400000000006,45.492129],[2.89423,45.49203200000001],[2.894705,45.49992400000001],[2.8818679999999994,45.499909]]]}"
LE71970292014197ASN00,2.6300003051757814,"{shadow_count=0.0, cloud_count=0.0, water_count=126.0, snow_count=0.0, lake_SR={blue=0.021107142857142876, green=0.018453968253968247, red=0.0034833333333333326, nir=0.01668571428571426, swir1=0.00431666666666667, swir2=0.0017}}",0.314,309.0,2014-07-16T10:27:10,197.43554237268518,2.0,"{blue=41.61870014667511, green=23.84606432914734, red=9.609054803848267, nir=5.562204837799072, swir1=null, swir2=null, tir1=null, tir2=null}",28.950782775878906,"{lake_TIR=null, bkgd_BT=24.10969780249652, lake_BT=null, bkgd_TIR=9.0161702373404}","{blue=530, green=526, red=522, nir=519, swir1=508, swir2=512, tir1=504, tir2=504}","{""geodesic"":true,""type"":""Polygon"",""coordinates"":[[[2.8818679999999994,45.499909],[2.8817400000000006,45.492129],[2.89423,45.49203200000001],[2.894705,45.49992400000001],[2.8818679999999994,45.499909]]]}"
LE71970292014213ASN00,2.6399993896484375,"{shadow_count=0.0, cloud_count=555.0, water_count=0.0, snow_count=0.0, lake_SR={blue=null, green=null, red=null, nir=null, swir1=null, swir2=null}}",0.318,570.0,2014-08-01T10:27:18,213.43562806712964,0.0,"{blue=null, green=null, red=null, nir=null, swir1=null, swir2=null, tir1=null, tir2=null}",31.88485336303711,"{lake_TIR=null, bkgd_BT=-11.802335343270931, lake_BT=null, bkgd_TIR=4.945422707722996}","{blue=578, green=575, red=572, nir=570, swir1=570, swir2=573, tir1=574, tir2=574}","{""geodesic"":true,""type"":""Polygon"",""coordinates"":[[[2.8818679999999994,45.499909],[2.8817400000000006,45.492129],[2.89423,45.49203200000001],[2.894705,45.49992400000001],[2.8818679999999994,45.499909]]]}"
LE71970292014229ASN00,1.9100006103515625,"{shadow_count=72.0, cloud_count=0.0, water_count=207.0, snow_count=0.0, lake_SR={blue=0.022167632850241554, green=0.01828743961352651, red=0.004460869565217399, nir=0.01747342995169076, swir1=0.005494685990338181, swir2=0.003263285024154586}}",0.318,256.0,2014-08-17T10:27:18,229.4356317824074,7.0,"{blue=40.522327831813264, green=23.15472572190421, red=9.676377637045723, nir=5.285264457975115, swir1=0.3385432958602905, swir2=0.06227555871009827, tir1=7.782047301530838, tir2=7.757578695192933}",35.740360260009766,"{lake_TIR=7.782047301530838, bkgd_BT=17.374147705078126, lake_BT=14.441436767578125, bkgd_TIR=8.145835650672515}","{blue=575, green=574, red=572, nir=569, swir1=553, swir2=555, tir1=542, tir2=542}","{""geodesic"":true,""type"":""Polygon"",""coordinates"":[[[2.8818679999999994,45.499909],[2.8817400000000006,45.492129],[2.89423,45.49203200000001],[2.894705,45.49992400000001],[2.8818679999999994,45.499909]]]}"
LE71970292014245ASN00,2.330000305175781,"{shadow_count=0.0, cloud_count=0.0, water_count=143.0, snow_count=0.0, lake_SR={blue=0.01907272727272727, green=0.015388111888111903, red=0.0033279720279720255, nir=0.015451048951048969, swir1=0.003589510489510488, swir2=0.0017307692307692302}}",0.287,288.0,2014-09-02T10:27:18,245.43562880787036,3.0,"{blue=35.91194168726603, green=19.813255786895752, red=8.19527530670166, nir=4.592913508415222, swir1=0.3385432958602905, swir2=0.026810993750890095, tir1=null, tir2=null}",40.38493347167969,"{lake_TIR=null, bkgd_BT=15.444216404604107, lake_BT=null, bkgd_TIR=7.906572118870328}","{blue=531, green=529, red=525, nir=522, swir1=512, swir2=515, tir1=507, tir2=507}","{""geodesic"":true,""type"":""Polygon"",""coordinates"":[[[2.8818679999999994,45.499909],[2.8817400000000006,45.492129],[2.89423,45.49203200000001],[2.894705,45.49992400000001],[2.8818679999999994,45.499909]]]}"
LE71970292014277EDC00,2.0899993896484377,"{shadow_count=0.0, cloud_count=0.0, water_count=81.0, snow_count=0.0, lake_SR={blue=0.021637037037037038, green=0.014807407407407408, red=0.003001234567901235, nir=0.013576543209876541, swir1=0.003665432098765432, swir2=0.0017222222222222218}}",0.26,245.0,2014-10-04T10:27:34,277.4358124768519,51.0,"{blue=34.06544744267183, green=18.473027485258438, red=8.103481835010005, nir=4.433734684598212, swir1=0.22729276342594879, swir2=0.032002818077168566, tir1=7.388472495476405, tir2=7.45994090475142}",51.18034362792969,"{lake_TIR=7.388472495476405, bkgd_BT=15.100073998821669, lake_BT=10.10115000406901, bkgd_TIR=7.3757832443298295}","{blue=525, green=521, red=519, nir=514, swir1=504, swir2=507, tir1=243, tir2=220}","{""geodesic"":true,""type"":""Polygon"",""coordinates"":[[[2.8818679999999994,45.499909],[2.8817400000000006,45.492129],[2.89423,45.49203200000001],[2.894705,45.49992400000001],[2.8818679999999994,45.499909]]]}"
LE71970292014293EDC00,2.7700000762939454,"{shadow_count=0.0, cloud_count=376.0, water_count=0.0, snow_count=0.0, lake_SR={blue=null, green=null, red=null, nir=null, swir1=null, swir2=null}}",0.247,557.0,2014-10-20T10:27:43,293.43591541666666,0.0,"{blue=null, green=null, red=null, nir=null, swir1=null, swir2=null, tir1=null, tir2=null}",56.73823547363281,"{lake_TIR=null, bkgd_BT=1.949039306640625, lake_BT=null, bkgd_TIR=1.8433217495506586}","{blue=565, green=564, red=560, nir=557, swir1=561, swir2=563, tir1=388, tir2=360}","{""geodesic"":true,""type"":""Polygon"",""coordinates"":[[[2.8818679999999994,45.499909],[2.8817400000000006,45.492129],[2.89423,45.49203200000001],[2.894705,45.49992400000001],[2.8818679999999994,45.499909]]]}"
LE71970292014309ASN00,1.0300000190734864,"{shadow_count=0.0, cloud_count=595.0, water_count=0.0, snow_count=0.0, lake_SR={blue=null, green=null, red=null, nir=null, swir1=null, swir2=null}}",0.35,613.0,2014-11-05T10:27:53,309.436030625,0.0,"{blue=null, green=null, red=null, nir=null, swir1=null, swir2=null, tir1=null, tir2=null}",61.872283935546875,"{lake_TIR=null, bkgd_BT=-6.797212774103338, lake_BT=null, bkgd_TIR=5.432491092349995}","{blue=621, green=617, red=617, nir=613, swir1=614, swir2=614, tir1=615, tir2=615}","{""geodesic"":true,""type"":""Polygon"",""coordinates"":[[[2.8818679999999994,45.499909],[2.8817400000000006,45.492129],[2.89423,45.49203200000001],[2.894705,45.49992400000001],[2.8818679999999994,45.499909]]]}"
LE71970292014325ASN00,2.0700000762939452,"{shadow_count=0.0, cloud_count=0.0, water_count=85.0, snow_count=0.0, lake_SR={blue=0.0218670588235294, green=0.01609294117647059, red=0.009142352941176463, nir=0.015851764705882367, swir1=0.005370588235294122, swir2=0.0020835294117647046}}",0.244,206.0,2014-11-21T10:27:55,325.4360625925926,68.0,"{blue=23.977523894870984, green=12.619437019614612, red=5.908279061317444, nir=2.6053901779301025, swir1=0.16007085045178732, swir2=0.01845356553304391, tir1=6.842834696173668, tir2=6.831406555618301}",66.10492324829102,"{lake_TIR=6.842834696173668, bkgd_BT=9.265382910976891, lake_BT=6.279363921194365, bkgd_TIR=5.105411891139553}","{blue=529, green=523, red=521, nir=516, swir1=507, swir2=509, tir1=258, tir2=247}","{""geodesic"":true,""type"":""Polygon"",""coordinates"":[[[2.8818679999999994,45.499909],[2.8817400000000006,45.492129],[2.89423,45.49203200000001],[2.894705,45.49992400000001],[2.8818679999999994,45.499909]]]}"
LE71970292014341ASN00,1.2899999618530273,"{shadow_count=0.0, cloud_count=502.0, water_count=0.0, snow_count=0.0, lake_SR={blue=null, green=null, red=null, nir=null, swir1=null, swir2=null}}",0.299,526.0,2014-12-07T10:28:03,341.4361507986111,0.0,"{blue=null, green=null, red=null, nir=null, swir1=null, swir2=null, tir1=null, tir2=null}",68.99673080444336,"{lake_TIR=null, bkgd_BT=-4.689222997548629, lake_BT=null, bkgd_TIR=4.894354436513597}","{blue=536, green=534, red=531, nir=526, swir1=523, swir2=526, tir1=523, tir2=523}","{""geodesic"":true,""type"":""Polygon"",""coordinates"":[[[2.8818679999999994,45.499909],[2.8817400000000006,45.492129],[2.89423,45.49203200000001],[2.894705,45.49992400000001],[2.8818679999999994,45.499909]]]}"
LE71970292014357ASN00,0.7099999904632568,"{shadow_count=0.0, cloud_count=0.0, water_count=406.0, snow_count=0.0, lake_SR={blue=0.020598275862068978, green=0.015276354679802939, red=0.006716256157635475, nir=0.011331280788177321, swir1=0.004765763546798022, swir2=0.003042364532019704}}",0.258,121.0,2014-12-23T10:28:12,357.4362510763889,293.0,"{blue=21.669861377709555, green=11.272164096401006, red=5.088609770296377, nir=2.1885033550929696, swir1=0.11998455226421356, swir2=0.020656785337438047, tir1=6.570341064957055, tir2=6.576971341425723}",70.19049453735352,"{lake_TIR=6.570341064957055, bkgd_BT=8.480601343615302, lake_BT=4.04361161665483, bkgd_TIR=7.075324515972672}","{blue=625, green=623, red=619, nir=617, swir1=602, swir2=607, tir1=590, tir2=590}","{""geodesic"":true,""type"":""Polygon"",""coordinates"":[[[2.8818679999999994,45.499909],[2.8817400000000006,45.492129],[2.89423,45.49203200000001],[2.894705,45.49992400000001],[2.8818679999999994,45.499909]]]}"
LE71970292015008ASN00,2.3799999237060545,"{shadow_count=207.0, cloud_count=269.0, water_count=4.0, snow_count=0.0, lake_SR={blue=0.051425, green=0.049324999999999994, red=0.036075, nir=0.04735, swir1=0.039775000000000005, swir2=0.029175}}",0.278,381.0,2015-01-08T10:28:13,8.436270914351852,0.0,"{blue=null, green=null, red=null, nir=null, swir1=null, swir2=null, tir1=null, tir2=null}",69.49727249145508,"{lake_TIR=null, bkgd_BT=-0.16671953044953894, lake_BT=null, bkgd_TIR=6.113680179368277}","{blue=596, green=596, red=592, nir=589, swir1=590, swir2=593, tir1=593, tir2=593}","{""geodesic"":true,""type"":""Polygon"",""coordinates"":[[[2.8818679999999994,45.499909],[2.8817400000000006,45.492129],[2.89423,45.49203200000001],[2.894705,45.49992400000001],[2.8818679999999994,45.499909]]]}"
LE71970292015024ASN00,0.9199999809265137,"{shadow_count=0.0, cloud_count=608.0, water_count=0.0, snow_count=0.0, lake_SR={blue=null, green=null, red=null, nir=null, swir1=null, swir2=null}}",0.344,631.0,2015-01-24T10:28:15,24.43629199074074,0.0,"{blue=null, green=null, red=null, nir=null, swir1=null, swir2=null, tir1=null, tir2=null}",66.9497299194336,"{lake_TIR=null, bkgd_BT=-15.384601593017578, lake_BT=null, bkgd_TIR=4.620590585283935}","{blue=640, green=636, red=634, nir=631, swir1=628, swir2=629, tir1=627, tir2=627}","{""geodesic"":true,""type"":""Polygon"",""coordinates"":[[[2.8818679999999994,45.499909],[2.8817400000000006,45.492129],[2.89423,45.49203200000001],[2.894705,45.49992400000001],[2.8818679999999994,45.499909]]]}"
LE71970292015040ASN00,0.8800000190734864,"{shadow_count=0.0, cloud_count=70.0, water_count=57.0, snow_count=465.0, lake_SR={blue=0.17755087719298243, green=0.11280526315789476, red=0.08000000000000002, nir=0.07083684210526314, swir1=0.0031877192982456126, swir2=0.003114035087719298}}",0.345,576.0,2015-02-09T10:28:21,40.43635959490741,0.0,"{blue=null, green=null, red=null, nir=null, swir1=null, swir2=null, tir1=null, tir2=null}",62.78839874267578,"{lake_TIR=null, bkgd_BT=-6.022370147705078, lake_BT=null, bkgd_TIR=5.509488229639828}","{blue=648, green=646, red=642, nir=641, swir1=625, swir2=629, tir1=618, tir2=618}","{""geodesic"":true,""type"":""Polygon"",""coordinates"":[[[2.8818679999999994,45.499909],[2.8817400000000006,45.492129],[2.89423,45.49203200000001],[2.894705,45.49992400000001],[2.8818679999999994,45.499909]]]}"
LE71970292015056ASN00,1.4699999809265136,"{shadow_count=0.0, cloud_count=485.0, water_count=0.0, snow_count=0.0, lake_SR={blue=null, green=null, red=null, nir=null, swir1=null, swir2=null}}",0.383,520.0,2015-02-25T10:28:29,56.43645584490741,0.0,"{blue=null, green=null, red=null, nir=null, swir1=null, swir2=null, tir1=null, tir2=null}",57.390933990478516,"{lake_TIR=null, bkgd_BT=-24.38706448203639, lake_BT=null, bkgd_TIR=3.8539494689750042}","{blue=529, green=526, red=525, nir=520, swir1=510, swir2=513, tir1=506, tir2=506}","{""geodesic"":true,""type"":""Polygon"",""coordinates"":[[[2.8818679999999994,45.499909],[2.8817400000000006,45.492129],[2.89423,45.49203200000001],[2.894705,45.49992400000001],[2.8818679999999994,45.499909]]]}"
LE71970292015072ASN00,0.7900000095367432,"{shadow_count=0.0, cloud_count=255.0, water_count=0.0, snow_count=0.0, lake_SR={blue=null, green=null, red=null, nir=null, swir1=null, swir2=null}}",0.347,610.0,2015-03-13T10:28:35,72.43652342592593,0.0,"{blue=null, green=null, red=null, nir=null, swir1=null, swir2=null, tir1=null, tir2=null}",51.27076721191406,"{lake_TIR=null, bkgd_BT=-26.524591064453126, lake_BT=null, bkgd_TIR=1.7274803277105093}","{blue=617, green=616, red=612, nir=610, swir1=608, swir2=612, tir1=277, tir2=254}","{""geodesic"":true,""type"":""Polygon"",""coordinates"":[[[2.8818679999999994,45.499909],[2.8817400000000006,45.492129],[2.89423,45.49203200000001],[2.894705,45.49992400000001],[2.8818679999999994,45.499909]]]}"
LE71970292015088NSG00,2.3100000381469727,"{shadow_count=0.0, cloud_count=147.0, water_count=0.0, snow_count=0.0, lake_SR={blue=null, green=null, red=null, nir=null, swir1=null, swir2=null}}",0.327,525.0,2015-03-29T10:28:43,88.43661375,0.0,"{blue=null, green=null, red=null, nir=null, swir1=null, swir2=null, tir1=null, tir2=null}",44.92985153198242,"{lake_TIR=null, bkgd_BT=-15.861726379394531, lake_BT=null, bkgd_TIR=2.61254445122821}","{blue=535, green=531, red=527, nir=525, swir1=519, swir2=521, tir1=171, tir2=154}","{""geodesic"":true,""type"":""Polygon"",""coordinates"":[[[2.8818679999999994,45.499909],[2.8817400000000006,45.492129],[2.89423,45.49203200000001],[2.894705,45.49992400000001],[2.8818679999999994,45.499909]]]}"
LE71970292015104NSG00,1.0800000190734864,"{shadow_count=0.0, cloud_count=0.0, water_count=353.0, snow_count=0.0, lake_SR={blue=0.022637393767705415, green=0.020737393767705496, red=0.010595750708215295, nir=0.016850424929178445, swir1=0.008732577903682759, swir2=0.005033427762039649}}",0.329,221.0,2015-04-14T10:28:52,104.43672097222222,21.0,"{blue=36.75530500639053, green=21.023098349571228, red=9.586613859449114, nir=4.639070238385882, swir1=0.4569178769985835, swir2=0.08697409502097539, tir1=7.159100165324552, tir2=7.164960594581706}",38.88801574707031,"{lake_TIR=7.159100165324552, bkgd_BT=22.44954817185708, lake_BT=9.301045735677084, bkgd_TIR=8.623498224486488}","{blue=655, green=654, red=650, nir=646, swir1=635, swir2=640, tir1=629, tir2=629}","{""geodesic"":true,""type"":""Polygon"",""coordinates"":[[[2.8818679999999994,45.499909],[2.8817400000000006,45.492129],[2.89423,45.49203200000001],[2.894705,45.49992400000001],[2.8818679999999994,45.499909]]]}"
LE71970292015120NSG00,2.0600000381469727,"{shadow_count=0.0, cloud_count=509.0, water_count=0.0, snow_count=0.0, lake_SR={blue=null, green=null, red=null, nir=null, swir1=null, swir2=null}}",0.342,602.0,2015-04-30T10:28:58,120.43678523148148,0.0,"{blue=null, green=null, red=null, nir=null, swir1=null, swir2=null, tir1=null, tir2=null}",33.62814712524414,"{lake_TIR=null, bkgd_BT=-11.852302551269531, lake_BT=null, bkgd_TIR=1.5915720997185543}","{blue=610, green=608, red=605, nir=602, swir1=604, swir2=606, tir1=524, tir2=498}","{""geodesic"":true,""type"":""Polygon"",""coordinates"":[[[2.8818679999999994,45.499909],[2.8817400000000006,45.492129],[2.89423,45.49203200000001],[2.894705,45.49992400000001],[2.8818679999999994,45.499909]]]}"
LE71970292015136NSG00,2.4200000762939453,"{shadow_count=1.0, cloud_count=0.0, water_count=101.0, snow_count=0.0, lake_SR={blue=0.04280099009900992, green=0.0287, red=0.00812475247524751, nir=0.022195049504950472, swir1=0.004922772277227716, swir2=0.0045059405940594075}}",0.333,373.0,2015-05-16T10:29:06,136.43688356481482,0.0,"{blue=null, green=null, red=null, nir=null, swir1=null, swir2=null, tir1=null, tir2=null}",29.60259246826172,"{lake_TIR=null, bkgd_BT=13.331662826152114, lake_BT=null, bkgd_TIR=7.643801360342394}","{blue=532, green=529, red=525, nir=521, swir1=512, swir2=517, tir1=507, tir2=507}","{""geodesic"":true,""type"":""Polygon"",""coordinates"":[[[2.8818679999999994,45.499909],[2.8817400000000006,45.492129],[2.89423,45.49203200000001],[2.894705,45.49992400000001],[2.8818679999999994,45.499909]]]}"
LE71970292015152NSG00,1.65,"{shadow_count=0.0, cloud_count=578.0, water_count=0.0, snow_count=0.0, lake_SR={blue=null, green=null, red=null, nir=null, swir1=null, swir2=null}}",0.363,579.0,2015-06-01T10:29:11,152.4369350347222,0.0,"{blue=null, green=null, red=null, nir=null, swir1=null, swir2=null, tir1=null, tir2=null}",27.12802505493164,"{lake_TIR=null, bkgd_BT=7.683374845064604, lake_BT=null, bkgd_TIR=6.979588179920729}","{blue=601, green=599, red=595, nir=592, swir1=593, swir2=597, tir1=598, tir2=598}","{""geodesic"":true,""type"":""Polygon"",""coordinates"":[[[2.8818679999999994,45.499909],[2.8817400000000006,45.492129],[2.89423,45.49203200000001],[2.894705,45.49992400000001],[2.8818679999999994,45.499909]]]}"
LE71970292015168NSG00,9.969209968386869E35,"{shadow_count=51.0, cloud_count=423.0, water_count=13.0, snow_count=0.0, lake_SR={blue=0.042046153846153844, green=0.03567692307692307, red=0.016861538461538463, nir=0.03511538461538461, swir1=0.016607692307692306, swir2=0.01246153846153846}}",0.323,415.0,2015-06-17T10:29:16,168.43699931712962,0.0,"{blue=null, green=null, red=null, nir=null, swir1=null, swir2=null, tir1=null, tir2=null}",26.32815933227539,"{lake_TIR=null, bkgd_BT=10.074843609919313, lake_BT=null, bkgd_TIR=7.258551751003891}","{blue=553, green=549, red=546, nir=545, swir1=529, swir2=532, tir1=521, tir2=521}","{""geodesic"":true,""type"":""Polygon"",""coordinates"":[[[2.8818679999999994,45.499909],[2.8817400000000006,45.492129],[2.89423,45.49203200000001],[2.894705,45.49992400000001],[2.8818679999999994,45.499909]]]}"
LE71970292015184NSG00,3.1700000762939453,"{shadow_count=0.0, cloud_count=486.0, water_count=0.0, snow_count=0.0, lake_SR={blue=null, green=null, red=null, nir=null, swir1=null, swir2=null}}",0.319,521.0,2015-07-03T10:29:19,184.43703376157407,0.0,"{blue=null, green=null, red=null, nir=null, swir1=null, swir2=null, tir1=null, tir2=null}",27.073490142822266,"{lake_TIR=null, bkgd_BT=3.2555709112258184, lake_BT=null, bkgd_TIR=6.488234018640859}","{blue=532, green=528, red=524, nir=521, swir1=510, swir2=514, tir1=505, tir2=505}","{""geodesic"":true,""type"":""Polygon"",""coordinates"":[[[2.8818679999999994,45.499909],[2.8817400000000006,45.492129],[2.89423,45.49203200000001],[2.894705,45.49992400000001],[2.8818679999999994,45.499909]]]}"
LE71970292015200ASN00,3.6099998474121096,"{shadow_count=0.0, cloud_count=506.0, water_count=0.0, snow_count=0.0, lake_SR={blue=null, green=null, red=null, nir=null, swir1=null, swir2=null}}",0.313,531.0,2015-07-19T10:29:24,200.43709247685186,0.0,"{blue=null, green=null, red=null, nir=null, swir1=null, swir2=null, tir1=null, tir2=null}",29.12069320678711,"{lake_TIR=null, bkgd_BT=4.08025142124721, lake_BT=null, bkgd_TIR=6.568498361190515}","{blue=541, green=536, red=533, nir=531, swir1=524, swir2=526, tir1=525, tir2=525}","{""geodesic"":true,""type"":""Polygon"",""coordinates"":[[[2.8818679999999994,45.499909],[2.8817400000000006,45.492129],[2.89423,45.49203200000001],[2.894705,45.49992400000001],[2.8818679999999994,45.499909]]]}"
LE71970292015232NSG00,2.7899999618530273,"{shadow_count=0.0, cloud_count=0.0, water_count=99.0, snow_count=0.0, lake_SR={blue=0.03415959595959596, green=0.026155555555555553, red=0.01113636363636365, nir=0.02434545454545454, swir1=0.005814141414141422, swir2=0.003178787878787876}}",0.322,350.0,2015-08-20T10:29:30,232.43716274305555,0.0,"{blue=null, green=null, red=null, nir=null, swir1=null, swir2=null, tir1=null, tir2=null}",36.27043533325195,"{lake_TIR=null, bkgd_BT=18.871891310235032, lake_BT=null, bkgd_TIR=8.333256860287124}","{blue=535, green=532, red=529, nir=524, swir1=514, swir2=518, tir1=508, tir2=508}","{""geodesic"":true,""type"":""Polygon"",""coordinates"":[[[2.8818679999999994,45.499909],[2.8817400000000006,45.492129],[2.89423,45.49203200000001],[2.894705,45.49992400000001],[2.8818679999999994,45.499909]]]}"
LE71970292015248NSG00,1.7200000762939454,"{shadow_count=0.0, cloud_count=488.0, water_count=0.0, snow_count=0.0, lake_SR={blue=null, green=null, red=null, nir=null, swir1=null, swir2=null}}",0.322,523.0,2015-09-05T10:29:31,248.43717349537036,0.0,"{blue=null, green=null, red=null, nir=null, swir1=null, swir2=null, tir1=null, tir2=null}",41.057037353515625,"{lake_TIR=null, bkgd_BT=-6.3674062093098955, lake_BT=null, bkgd_TIR=5.467559095472097}","{blue=534, green=532, red=528, nir=523, swir1=513, swir2=517, tir1=507, tir2=507}","{""geodesic"":true,""type"":""Polygon"",""coordinates"":[[[2.8818679999999994,45.499909],[2.8817400000000006,45.492129],[2.89423,45.49203200000001],[2.894705,45.49992400000001],[2.8818679999999994,45.499909]]]}"
LE71970292015264NSG00,1.6,"{shadow_count=0.0, cloud_count=0.0, water_count=106.0, snow_count=0.0, lake_SR={blue=0.020281132075471702, green=0.015565094339622651, red=0.005113207547169817, nir=0.01583584905660377, swir1=0.004416037735849054, swir2=0.0019320754716981134}}",0.291,344.0,2015-09-21T10:29:37,264.4372379513889,7.0,"{blue=33.10073062351772, green=18.488190123013087, red=7.387401308332171, nir=4.177502938679287, swir1=0.24293305724859238, swir2=0.00464564065138499, tir1=7.659055174638827, tir2=7.670767672980825}",46.40498352050781,"{lake_TIR=7.659055174638827, bkgd_BT=16.63957539894164, lake_BT=13.513173421223959, bkgd_TIR=8.048273375544033}","{blue=540, green=538, red=534, nir=532, swir1=519, swir2=523, tir1=515, tir2=515}","{""geodesic"":true,""type"":""Polygon"",""coordinates"":[[[2.8818679999999994,45.499909],[2.8817400000000006,45.492129],[2.89423,45.49203200000001],[2.894705,45.49992400000001],[2.8818679999999994,45.499909]]]}"
LE71970292015280NSG00,1.85,"{shadow_count=0.0, cloud_count=0.0, water_count=0.0, snow_count=0.0, lake_SR={blue=null, green=null, red=null, nir=null, swir1=null, swir2=null}}",0.302,510.0,2015-10-07T10:29:42,280.4372954398148,0.0,"{blue=null, green=null, red=null, nir=null, swir1=null, swir2=null, tir1=null, tir2=null}",52.00994110107422,"{lake_TIR=null, bkgd_BT=null, lake_BT=null, bkgd_TIR=0.0}","{blue=521, green=517, red=514, nir=510, swir1=232, swir2=504, tir1=13, tir2=13}","{""geodesic"":true,""type"":""Polygon"",""coordinates"":[[[2.8818679999999994,45.499909],[2.8817400000000006,45.492129],[2.89423,45.49203200000001],[2.894705,45.49992400000001],[2.8818679999999994,45.499909]]]}"
LE71970292015296ASN00,0.9399999618530274,"{shadow_count=0.0, cloud_count=97.0, water_count=0.0, snow_count=0.0, lake_SR={blue=null, green=null, red=null, nir=null, swir1=null, swir2=null}}",0.256,643.0,2015-10-23T10:30:00,296.4375062037037,0.0,"{blue=null, green=null, red=null, nir=null, swir1=null, swir2=null, tir1=null, tir2=null}",57.54228973388672,"{lake_TIR=null, bkgd_BT=3.018352508544922, lake_BT=null, bkgd_TIR=1.7789519544819306}","{blue=654, green=649, red=646, nir=643, swir1=631, swir2=634, tir1=145, tir2=133}","{""geodesic"":true,""type"":""Polygon"",""coordinates"":[[[2.8818679999999994,45.499909],[2.8817400000000006,45.492129],[2.89423,45.49203200000001],[2.894705,45.49992400000001],[2.8818679999999994,45.499909]]]}"
LE71970292015312NSG00,2.0600000381469727,"{shadow_count=0.0, cloud_count=0.0, water_count=0.0, snow_count=0.0, lake_SR={blue=null, green=null, red=null, nir=null, swir1=null, swir2=null}}",0.253,243.0,2015-11-08T10:30:14,312.4376722337963,23.0,"{blue=26.85984206199646, green=15.114157137663469, red=7.0478600626406465, nir=3.455049773921137, swir1=0.37179903102957684, swir2=0.0807788099931634, tir1=null, tir2=null}",62.55418395996094,"{lake_TIR=null, bkgd_BT=-3.94379154328377, lake_BT=null, bkgd_TIR=3.4453768533255373}","{blue=614, green=611, red=610, nir=606, swir1=554, swir2=608, tir1=63, tir2=63}","{""geodesic"":true,""type"":""Polygon"",""coordinates"":[[[2.8818679999999994,45.499909],[2.8817400000000006,45.492129],[2.89423,45.49203200000001],[2.894705,45.49992400000001],[2.8818679999999994,45.499909]]]}"
LE71970292015328NSG00,1.5199999809265137,"{shadow_count=0.0, cloud_count=183.0, water_count=0.0, snow_count=0.0, lake_SR={blue=null, green=null, red=null, nir=null, swir1=null, swir2=null}}",0.288,516.0,2015-11-24T10:30:30,328.4378532523148,0.0,"{blue=null, green=null, red=null, nir=null, swir1=null, swir2=null, tir1=null, tir2=null}",66.58313941955566,"{lake_TIR=null, bkgd_BT=-25.623289489746092, lake_BT=null, bkgd_TIR=1.171919299988076}","{blue=528, green=524, red=521, nir=516, swir1=507, swir2=511, tir1=216, tir2=210}","{""geodesic"":true,""type"":""Polygon"",""coordinates"":[[[2.8818679999999994,45.499909],[2.8817400000000006,45.492129],[2.89423,45.49203200000001],[2.894705,45.49992400000001],[2.8818679999999994,45.499909]]]}"
LE71970292015344NSG00,0.3900000095367432,"{shadow_count=0.0, cloud_count=0.0, water_count=294.0, snow_count=0.0, lake_SR={blue=0.03966632653061213, green=0.03360850340136057, red=0.026623129251700666, nir=0.03744557823129242, swir1=0.02421734693877549, swir2=0.017998299319727833}}",0.297,143.0,2015-12-10T10:30:45,344.4380277083333,0.0,"{blue=null, green=null, red=null, nir=null, swir1=null, swir2=null, tir1=null, tir2=null}",69.19294166564941,"{lake_TIR=null, bkgd_BT=3.082941515692349, lake_BT=null, bkgd_TIR=2.794608082677891}","{blue=600, green=596, red=595, nir=593, swir1=578, swir2=580, tir1=538, tir2=528}","{""geodesic"":true,""type"":""Polygon"",""coordinates"":[[[2.8818679999999994,45.499909],[2.8817400000000006,45.492129],[2.89423,45.49203200000001],[2.894705,45.49992400000001],[2.8818679999999994,45.499909]]]}"
LE71970292015360NSG00,1.45,"{shadow_count=0.0, cloud_count=0.0, water_count=401.0, snow_count=0.0, lake_SR={blue=0.02456259351620953, green=0.018991271820448765, red=0.01088553615960098, nir=0.014300748129675803, swir1=0.006263092269326683, swir2=0.003947630922693271}}",0.27,156.0,2015-12-26T10:30:59,360.43818346064813,267.0,"{blue=22.48635572619206, green=11.874513577879146, red=5.713659859775158, nir=2.4002095273371493, swir1=0.1668794583529234, swir2=0.028826025850845104, tir1=6.522424880170684, tir2=6.529607338248303}",70.04752349853516,"{lake_TIR=6.522424880170684, bkgd_BT=7.206652891288683, lake_BT=3.6888789467829994, bkgd_TIR=6.66038418338399}","{blue=657, green=655, red=649, nir=645, swir1=634, swir2=638, tir1=629, tir2=629}","{""geodesic"":true,""type"":""Polygon"",""coordinates"":[[[2.8818679999999994,45.499909],[2.8817400000000006,45.492129],[2.89423,45.49203200000001],[2.894705,45.49992400000001],[2.8818679999999994,45.499909]]]}"
LE71980281999211NSG00,2.4699996948242187,"{shadow_count=null, cloud_count=null, water_count=null, snow_count=null, lake_SR=null}",0.318,495.0,1999-07-30T10:28:20,211.4363434259259,0.0,"{blue=null, green=null, red=null, nir=null, swir1=null, swir2=null, tir1=null, tir2=null}",32.828861236572266,"{lake_TIR=null, bkgd_BT=20.06778084781368, lake_BT=null, bkgd_TIR=8.479274939116964}","{blue=965, green=965, red=965, nir=965, swir1=965, swir2=965, tir1=965, tir2=965}","{""geodesic"":true,""type"":""Polygon"",""coordinates"":[[[2.8818679999999994,45.499909],[2.8817400000000006,45.492129],[2.89423,45.49203200000001],[2.894705,45.49992400000001],[2.8818679999999994,45.499909]]]}"
LE71980281999227FUI00,2.169999694824219,"{shadow_count=307.0, cloud_count=545.0, water_count=41.0, snow_count=0.0, lake_SR={blue=0.036787804878048794, green=0.02829756097560975, red=0.01463170731707317, nir=0.024795121951219516, swir1=0.012524390243902438, swir2=0.010758536585365854}}",0.311,658.0,1999-08-15T10:28:18,227.43632778935185,0.0,"{blue=null, green=null, red=null, nir=null, swir1=null, swir2=null, tir1=null, tir2=null}",36.59778594970703,"{lake_TIR=null, bkgd_BT=11.05810566952354, lake_BT=null, bkgd_TIR=7.365845475002732}","{blue=965, green=965, red=965, nir=965, swir1=965, swir2=965, tir1=965, tir2=965}","{""geodesic"":true,""type"":""Polygon"",""coordinates"":[[[2.8818679999999994,45.499909],[2.8817400000000006,45.492129],[2.89423,45.49203200000001],[2.894705,45.49992400000001],[2.8818679999999994,45.499909]]]}"
LE71980281999243EDC00,2.4,"{shadow_count=0.0, cloud_count=965.0, water_count=0.0, snow_count=0.0, lake_SR={blue=null, green=null, red=null, nir=null, swir1=null, swir2=null}}",0.302,965.0,1999-08-31T10:28:23,243.43638791666666,0.0,"{blue=null, green=null, red=null, nir=null, swir1=null, swir2=null, tir1=null, tir2=null}",41.16208267211914,"{lake_TIR=null, bkgd_BT=14.889678955078125, lake_BT=null, bkgd_TIR=7.826771711309751}","{blue=965, green=965, red=965, nir=965, swir1=965, swir2=965, tir1=965, tir2=965}","{""geodesic"":true,""type"":""Polygon"",""coordinates"":[[[2.8818679999999994,45.499909],[2.8817400000000006,45.492129],[2.89423,45.49203200000001],[2.894705,45.49992400000001],[2.8818679999999994,45.499909]]]}"
LE71980281999259FUI00,1.820001220703125,"{shadow_count=0.0, cloud_count=0.0, water_count=393.0, snow_count=0.0, lake_SR={blue=0.02166055979643766, green=0.01596005089058524, red=0.004568956743002559, nir=0.012104580152671714, swir1=0.003793638676844782, swir2=0.0018170483460559768}}",0.28,455.0,1999-09-16T10:28:16,259.43629707175927,204.0,"{blue=33.202725492271725, green=17.486251213971308, red=7.137480964847639, nir=3.822195784426203, swir1=0.1929072927610547, swir2=0.030015795327284756, tir1=7.91589167491332, tir2=7.911504121132049}",46.34550857543945,"{lake_TIR=7.91589167491332, bkgd_BT=16.766503139750952, lake_BT=15.61475985657935, bkgd_TIR=8.06372239943275}","{blue=965, green=965, red=965, nir=965, swir1=965, swir2=965, tir1=965, tir2=965}","{""geodesic"":true,""type"":""Polygon"",""coordinates"":[[[2.8818679999999994,45.499909],[2.8817400000000006,45.492129],[2.89423,45.49203200000001],[2.894705,45.49992400000001],[2.8818679999999994,45.499909]]]}"
LE71980281999307EDC00,1.2,"{shadow_count=0.0, cloud_count=965.0, water_count=0.0, snow_count=0.0, lake_SR={blue=null, green=null, red=null, nir=null, swir1=null, swir2=null}}",0.297,965.0,1999-11-03T10:28:18,307.4363303587963,0.0,"{blue=null, green=null, red=null, nir=null, swir1=null, swir2=null, tir1=null, tir2=null}",62.72762870788574,"{lake_TIR=null, bkgd_BT=null, lake_BT=null, bkgd_TIR=null}","{blue=965, green=965, red=965, nir=965, swir1=965, swir2=965, tir1=965, tir2=965}","{""geodesic"":true,""type"":""Polygon"",""coordinates"":[[[2.8818679999999994,45.499909],[2.8817400000000006,45.492129],[2.89423,45.49203200000001],[2.894705,45.49992400000001],[2.8818679999999994,45.499909]]]}"
LE71980281999339EDC00,0.55,"{shadow_count=681.0, cloud_count=281.0, water_count=3.0, snow_count=0.0, lake_SR={blue=0.06476666666666668, green=0.03896666666666667, red=0.02086666666666667, nir=0.0161, swir1=0.0041, swir2=0.0052}}",0.311,343.0,1999-12-05T10:28:18,339.4363279861111,339.0,"{blue=28.829524483300943, green=15.024369860644889, red=7.669629569602224, nir=3.1810721115025093, swir1=0.11662307786027239, swir2=0.026820400845160526, tir1=6.38332066210234, tir2=6.387068656100109}",70.24942588806152,"{lake_TIR=6.38332066210234, bkgd_BT=null, lake_BT=2.418404458195059, bkgd_TIR=null}","{blue=965, green=965, red=965, nir=965, swir1=965, swir2=965, tir1=965, tir2=965}","{""geodesic"":true,""type"":""Polygon"",""coordinates"":[[[2.8818679999999994,45.499909],[2.8817400000000006,45.492129],[2.89423,45.49203200000001],[2.894705,45.49992400000001],[2.8818679999999994,45.499909]]]}"
LE71980281999355NSG00,0.870001220703125,"{shadow_count=0.0, cloud_count=965.0, water_count=0.0, snow_count=0.0, lake_SR={blue=null, green=null, red=null, nir=null, swir1=null, swir2=null}}",0.273,965.0,1999-12-21T10:28:21,355.4363610763889,0.0,"{blue=null, green=null, red=null, nir=null, swir1=null, swir2=null, tir1=null, tir2=null}",71.71713256835938,"{lake_TIR=null, bkgd_BT=null, lake_BT=null, bkgd_TIR=null}","{blue=965, green=965, red=965, nir=965, swir1=965, swir2=965, tir1=965, tir2=965}","{""geodesic"":true,""type"":""Polygon"",""coordinates"":[[[2.8818679999999994,45.499909],[2.8817400000000006,45.492129],[2.89423,45.49203200000001],[2.894705,45.49992400000001],[2.8818679999999994,45.499909]]]}"
LE71980282000006FUI00,1.379998779296875,"{shadow_count=0.0, cloud_count=965.0, water_count=0.0, snow_count=0.0, lake_SR={blue=null, green=null, red=null, nir=null, swir1=null, swir2=null}}",0.295,965.0,2000-01-06T10:28:16,6.436307754629629,0.0,"{blue=null, green=null, red=null, nir=null, swir1=null, swir2=null, tir1=null, tir2=null}",71.3184642791748,"{lake_TIR=null, bkgd_BT=null, lake_BT=null, bkgd_TIR=null}","{blue=965, green=965, red=965, nir=965, swir1=965, swir2=965, tir1=965, tir2=965}","{""geodesic"":true,""type"":""Polygon"",""coordinates"":[[[2.8818679999999994,45.499909],[2.8817400000000006,45.492129],[2.89423,45.49203200000001],[2.894705,45.49992400000001],[2.8818679999999994,45.499909]]]}"
LE71980282000038NSG00,1.420001220703125,"{shadow_count=0.0, cloud_count=965.0, water_count=0.0, snow_count=0.0, lake_SR={blue=null, green=null, red=null, nir=null, swir1=null, swir2=null}}",0.315,965.0,2000-02-07T10:28:11,38.43624375,0.0,"{blue=null, green=null, red=null, nir=null, swir1=null, swir2=null, tir1=null, tir2=null}",65.10765647888184,"{lake_TIR=null, bkgd_BT=null, lake_BT=null, bkgd_TIR=null}","{blue=965, green=965, red=965, nir=965, swir1=965, swir2=965, tir1=965, tir2=965}","{""geodesic"":true,""type"":""Polygon"",""coordinates"":[[[2.8818679999999994,45.499909],[2.8817400000000006,45.492129],[2.89423,45.49203200000001],[2.894705,45.49992400000001],[2.8818679999999994,45.499909]]]}"
LE71980282000054AGS00,1.0399993896484374,"{shadow_count=171.0, cloud_count=294.0, water_count=314.0, snow_count=134.0, lake_SR={blue=0.05123821656050969, green=0.03829713375796173, red=0.024300955414012778, nir=0.02234267515923567, swir1=0.0032292993630573235, swir2=0.002234713375796176}}",0.334,550.0,2000-02-23T10:28:03,54.43614960648148,207.0,"{blue=32.73700833320618, green=17.869430037512295, red=8.703406665636146, nir=3.8381489731263425, swir1=0.15183811141672918, swir2=0.028325505554676056, tir1=5.96779189615146, tir2=5.97507701240084}",59.89623260498047,"{lake_TIR=5.96779189615146, bkgd_BT=null, lake_BT=-1.468272186131869, bkgd_TIR=null}","{blue=965, green=965, red=965, nir=965, swir1=965, swir2=965, tir1=965, tir2=965}","{""geodesic"":true,""type"":""Polygon"",""coordinates"":[[[2.8818679999999994,45.499909],[2.8817400000000006,45.492129],[2.89423,45.49203200000001],[2.894705,45.49992400000001],[2.8818679999999994,45.499909]]]}"
LE71980282000070FUI00,2.0100006103515624,"{shadow_count=316.0, cloud_count=396.0, water_count=153.0, snow_count=19.0, lake_SR={blue=0.043186274509803876, green=0.03676862745098043, red=0.02686470588235294, nir=0.028893464052287578, swir1=0.014291503267973864, swir2=0.009967973856209154}}",0.305,431.0,2000-03-10T10:28:01,70.43612427083333,6.0,"{blue=35.46259891986847, green=21.558661222457886, red=11.059383551279703, nir=5.136220395565033, swir1=0.5146457701921463, swir2=0.13287398219108582, tir1=6.384409495939811, tir2=6.368602339799206}",53.8665657043457,"{lake_TIR=6.384409495939811, bkgd_BT=3.248016357421875, lake_BT=2.430811564127604, bkgd_TIR=6.473858315497637}","{blue=965, green=965, red=965, nir=965, swir1=965, swir2=965, tir1=965, tir2=965}","{""geodesic"":true,""type"":""Polygon"",""coordinates"":[[[2.8818679999999994,45.499909],[2.8817400000000006,45.492129],[2.89423,45.49203200000001],[2.894705,45.49992400000001],[2.8818679999999994,45.499909]]]}"
LE71980282000102FUI00,0.9899993896484375,"{shadow_count=0.0, cloud_count=965.0, water_count=0.0, snow_count=0.0, lake_SR={blue=null, green=null, red=null, nir=null, swir1=null, swir2=null}}",0.359,964.0,2000-04-11T10:27:46,102.43595563657408,0.0,"{blue=null, green=null, red=null, nir=null, swir1=null, swir2=null, tir1=null, tir2=null}",41.45733642578125,"{lake_TIR=null, bkgd_BT=null, lake_BT=null, bkgd_TIR=null}","{blue=965, green=965, red=965, nir=965, swir1=965, swir2=965, tir1=965, tir2=965}","{""geodesic"":true,""type"":""Polygon"",""coordinates"":[[[2.8818679999999994,45.499909],[2.8817400000000006,45.492129],[2.89423,45.49203200000001],[2.894705,45.49992400000001],[2.8818679999999994,45.499909]]]}"
LE71980282000134EDC00,2.1100006103515625,"{shadow_count=13.0, cloud_count=952.0, water_count=0.0, snow_count=0.0, lake_SR={blue=null, green=null, red=null, nir=null, swir1=null, swir2=null}}",0.349,964.0,2000-05-13T10:27:34,134.43581333333333,0.0,"{blue=null, green=null, red=null, nir=null, swir1=null, swir2=null, tir1=null, tir2=null}",31.872661590576172,"{lake_TIR=null, bkgd_BT=11.60427485751567, lake_BT=null, bkgd_TIR=7.430505860260146}","{blue=965, green=965, red=965, nir=965, swir1=965, swir2=965, tir1=965, tir2=965}","{""geodesic"":true,""type"":""Polygon"",""coordinates"":[[[2.8818679999999994,45.499909],[2.8817400000000006,45.492129],[2.89423,45.49203200000001],[2.894705,45.49992400000001],[2.8818679999999994,45.499909]]]}"
LE71980282000150NSG00,1.379998779296875,"{shadow_count=null, cloud_count=null, water_count=null, snow_count=null, lake_SR=null}",0.329,506.0,2000-05-29T10:27:23,150.4356876736111,0.0,"{blue=null, green=null, red=null, nir=null, swir1=null, swir2=null, tir1=null, tir2=null}",29.17780303955078,"{lake_TIR=null, bkgd_BT=15.953967297505296, lake_BT=null, bkgd_TIR=7.963897158894414}","{blue=965, green=965, red=965, nir=965, swir1=965, swir2=965, tir1=965, tir2=965}","{""geodesic"":true,""type"":""Polygon"",""coordinates"":[[[2.8818679999999994,45.499909],[2.8817400000000006,45.492129],[2.89423,45.49203200000001],[2.894705,45.49992400000001],[2.8818679999999994,45.499909]]]}"
LE71980282000166EDC00,2.45,"{shadow_count=9.0, cloud_count=956.0, water_count=0.0, snow_count=0.0, lake_SR={blue=null, green=null, red=null, nir=null, swir1=null, swir2=null}}",0.303,815.0,2000-06-14T10:27:18,166.4356326851852,0.0,"{blue=null, green=null, red=null, nir=null, swir1=null, swir2=null, tir1=null, tir2=null}",28.156646728515625,"{lake_TIR=null, bkgd_BT=20.096011352539062, lake_BT=null, bkgd_TIR=8.479748094081879}","{blue=965, green=965, red=965, nir=965, swir1=965, swir2=965, tir1=965, tir2=965}","{""geodesic"":true,""type"":""Polygon"",""coordinates"":[[[2.8818679999999994,45.499909],[2.8817400000000006,45.492129],[2.89423,45.49203200000001],[2.894705,45.49992400000001],[2.8818679999999994,45.499909]]]}"
LE71980282000182NSG00,2.2800003051757813,"{shadow_count=null, cloud_count=null, water_count=null, snow_count=null, lake_SR=null}",0.313,642.0,2000-06-30T10:27:06,182.43549030092592,0.0,"{blue=null, green=null, red=null, nir=null, swir1=null, swir2=null, tir1=null, tir2=null}",28.71038055419922,"{lake_TIR=null, bkgd_BT=15.72498863070619, lake_BT=null, bkgd_TIR=7.930690192854872}","{blue=965, green=965, red=965, nir=965, swir1=965, swir2=965, tir1=965, tir2=965}","{""geodesic"":true,""type"":""Polygon"",""coordinates"":[[[2.8818679999999994,45.499909],[2.8817400000000006,45.492129],[2.89423,45.49203200000001],[2.894705,45.49992400000001],[2.8818679999999994,45.499909]]]}"
LE71980282000214EDC00,2.25,"{shadow_count=0.0, cloud_count=0.0, water_count=150.0, snow_count=0.0, lake_SR={blue=0.026063333333333334, green=0.021749333333333305, red=0.010548666666666654, nir=0.026272666666666597, swir1=0.008844666666666678, swir2=0.005215999999999996}}",0.287,499.0,2000-08-01T10:26:36,214.43514969907406,0.0,"{blue=null, green=null, red=null, nir=null, swir1=null, swir2=null, tir1=null, tir2=null}",33.612342834472656,"{lake_TIR=null, bkgd_BT=24.47466834014601, lake_BT=null, bkgd_TIR=9.053909669907755}","{blue=965, green=965, red=965, nir=965, swir1=965, swir2=965, tir1=965, tir2=965}","{""geodesic"":true,""type"":""Polygon"",""coordinates"":[[[2.8818679999999994,45.499909],[2.8817400000000006,45.492129],[2.89423,45.49203200000001],[2.894705,45.49992400000001],[2.8818679999999994,45.499909]]]}"
LE71980282000230FUI00,2.5899993896484377,"{shadow_count=0.0, cloud_count=965.0, water_count=0.0, snow_count=0.0, lake_SR={blue=null, green=null, red=null, nir=null, swir1=null, swir2=null}}",0.288,965.0,2000-08-17T10:26:30,230.43508055555554,0.0,"{blue=null, green=null, red=null, nir=null, swir1=null, swir2=null, tir1=null, tir2=null}",37.52861785888672,"{lake_TIR=null, bkgd_BT=null, lake_BT=null, bkgd_TIR=null}","{blue=965, green=965, red=965, nir=965, swir1=965, swir2=965, tir1=965, tir2=965}","{""geodesic"":true,""type"":""Polygon"",""coordinates"":[[[2.8818679999999994,45.499909],[2.8817400000000006,45.492129],[2.89423,45.49203200000001],[2.894705,45.49992400000001],[2.8818679999999994,45.499909]]]}"
LE71980282000262EDC00,1.7100006103515626,"{shadow_count=195.0, cloud_count=637.0, water_count=27.0, snow_count=0.0, lake_SR={blue=0.026266666666666667, green=0.0213962962962963, red=0.009662962962962962, nir=0.024251851851851858, swir1=0.009307407407407408, swir2=0.0062592592592592596}}",0.302,723.0,2000-09-18T10:25:57,262.43468974537035,0.0,"{blue=null, green=null, red=null, nir=null, swir1=null, swir2=null, tir1=null, tir2=null}",47.469905853271484,"{lake_TIR=null, bkgd_BT=15.704136646577041, lake_BT=null, bkgd_TIR=7.929850049906041}","{blue=965, green=965, red=965, nir=965, swir1=965, swir2=965, tir1=965, tir2=965}","{""geodesic"":true,""type"":""Polygon"",""coordinates"":[[[2.8818679999999994,45.499909],[2.8817400000000006,45.492129],[2.89423,45.49203200000001],[2.894705,45.49992400000001],[2.8818679999999994,45.499909]]]}"
LE71980282000294FUI00,2.6600006103515623,"{shadow_count=0.0, cloud_count=965.0, water_count=0.0, snow_count=0.0, lake_SR={blue=null, green=null, red=null, nir=null, swir1=null, swir2=null}}",0.271,965.0,2000-10-20T10:25:39,294.4344844675926,0.0,"{blue=null, green=null, red=null, nir=null, swir1=null, swir2=null, tir1=null, tir2=null}",58.575124740600586,"{lake_TIR=null, bkgd_BT=null, lake_BT=null, bkgd_TIR=null}","{blue=965, green=965, red=965, nir=965, swir1=965, swir2=965, tir1=965, tir2=965}","{""geodesic"":true,""type"":""Polygon"",""coordinates"":[[[2.8818679999999994,45.499909],[2.8817400000000006,45.492129],[2.89423,45.49203200000001],[2.894705,45.49992400000001],[2.8818679999999994,45.499909]]]}"
LE71980282000310FUI00,1.3399993896484375,"{shadow_count=93.0, cloud_count=64.0, water_count=467.0, snow_count=66.0, lake_SR={blue=0.03473297644539616, green=0.02377430406852257, red=0.013400642398286975, nir=0.016503426124196932, swir1=0.003577944325481827, swir2=0.0020721627408993607}}",0.31,358.0,2000-11-05T10:25:47,310.434576412037,284.0,"{blue=27.49148037316094, green=14.245530573415085, red=6.820173263549805, nir=3.102041921775106, swir1=0.10798471793532372, swir2=0.017410833362332533, tir1=6.7863780028435965, tir2=6.793268934876042}",63.676422119140625,"{lake_TIR=6.7863780028435965, bkgd_BT=-0.8013916015625, lake_BT=6.0523301245461045, bkgd_TIR=6.037795320153236}","{blue=965, green=965, red=965, nir=965, swir1=965, swir2=965, tir1=965, tir2=965}","{""geodesic"":true,""type"":""Polygon"",""coordinates"":[[[2.8818679999999994,45.499909],[2.8817400000000006,45.492129],[2.89423,45.49203200000001],[2.894705,45.49992400000001],[2.8818679999999994,45.499909]]]}"
LE71980282000358FUI00,0.9100006103515625,"{shadow_count=0.0, cloud_count=965.0, water_count=0.0, snow_count=0.0, lake_SR={blue=null, green=null, red=null, nir=null, swir1=null, swir2=null}}",0.309,965.0,2000-12-23T10:25:53,358.4346525925926,0.0,"{blue=null, green=null, red=null, nir=null, swir1=null, swir2=null, tir1=null, tir2=null}",71.92001342773438,"{lake_TIR=null, bkgd_BT=null, lake_BT=null, bkgd_TIR=null}","{blue=965, green=965, red=965, nir=965, swir1=965, swir2=965, tir1=965, tir2=965}","{""geodesic"":true,""type"":""Polygon"",""coordinates"":[[[2.8818679999999994,45.499909],[2.8817400000000006,45.492129],[2.89423,45.49203200000001],[2.894705,45.49992400000001],[2.8818679999999994,45.499909]]]}"
LE71980282001040FUI00,1.0899993896484375,"{shadow_count=0.0, cloud_count=965.0, water_count=0.0, snow_count=0.0, lake_SR={blue=null, green=null, red=null, nir=null, swir1=null, swir2=null}}",0.379,965.0,2001-02-09T10:25:51,40.43462373842593,0.0,"{blue=null, green=null, red=null, nir=null, swir1=null, swir2=null, tir1=null, tir2=null}",64.4644832611084,"{lake_TIR=null, bkgd_BT=null, lake_BT=null, bkgd_TIR=null}","{blue=965, green=965, red=965, nir=965, swir1=965, swir2=965, tir1=965, tir2=965}","{""geodesic"":true,""type"":""Polygon"",""coordinates"":[[[2.8818679999999994,45.499909],[2.8817400000000006,45.492129],[2.89423,45.49203200000001],[2.894705,45.49992400000001],[2.8818679999999994,45.499909]]]}"
LE71980282001072EDC00,1.220001220703125,"{shadow_count=0.0, cloud_count=965.0, water_count=0.0, snow_count=0.0, lake_SR={blue=null, green=null, red=null, nir=null, swir1=null, swir2=null}}",0.385,965.0,2001-03-13T10:25:45,72.43454922453704,0.0,"{blue=null, green=null, red=null, nir=null, swir1=null, swir2=null, tir1=null, tir2=null}",52.98223114013672,"{lake_TIR=null, bkgd_BT=null, lake_BT=null, bkgd_TIR=null}","{blue=965, green=965, red=965, nir=965, swir1=965, swir2=965, tir1=965, tir2=965}","{""geodesic"":true,""type"":""Polygon"",""coordinates"":[[[2.8818679999999994,45.499909],[2.8817400000000006,45.492129],[2.89423,45.49203200000001],[2.894705,45.49992400000001],[2.8818679999999994,45.499909]]]}"
LE71980282001088EDC00,1.0600006103515625,"{shadow_count=0.0, cloud_count=965.0, water_count=0.0, snow_count=0.0, lake_SR={blue=null, green=null, red=null, nir=null, swir1=null, swir2=null}}",0.413,965.0,2001-03-29T10:25:36,88.4344470486111,0.0,"{blue=null, green=null, red=null, nir=null, swir1=null, swir2=null, tir1=null, tir2=null}",46.676055908203125,"{lake_TIR=null, bkgd_BT=null, lake_BT=null, bkgd_TIR=null}","{blue=965, green=965, red=965, nir=965, swir1=965, swir2=965, tir1=965, tir2=965}","{""geodesic"":true,""type"":""Polygon"",""coordinates"":[[[2.8818679999999994,45.499909],[2.8817400000000006,45.492129],[2.89423,45.49203200000001],[2.894705,45.49992400000001],[2.8818679999999994,45.499909]]]}"
LE71980282001104EDC00,0.729998779296875,"{shadow_count=34.0, cloud_count=0.0, water_count=1.0, snow_count=0.0, lake_SR={blue=0.0432, green=0.0379, red=0.0293, nir=0.0426, swir1=0.028, swir2=0.0196}}",0.389,482.0,2001-04-14T10:25:33,104.43442049768518,0.0,"{blue=null, green=null, red=null, nir=null, swir1=null, swir2=null, tir1=null, tir2=null}",40.68168640136719,"{lake_TIR=null, bkgd_BT=null, lake_BT=null, bkgd_TIR=null}","{blue=965, green=965, red=965, nir=965, swir1=965, swir2=965, tir1=965, tir2=965}","{""geodesic"":true,""type"":""Polygon"",""coordinates"":[[[2.8818679999999994,45.499909],[2.8817400000000006,45.492129],[2.89423,45.49203200000001],[2.894705,45.49992400000001],[2.8818679999999994,45.499909]]]}"
LE71980282001152EDC00,1.35,"{shadow_count=68.0, cloud_count=881.0, water_count=0.0, snow_count=0.0, lake_SR={blue=null, green=null, red=null, nir=null, swir1=null, swir2=null}}",0.365,814.0,2001-06-01T10:25:10,152.43415189814814,0.0,"{blue=null, green=null, red=null, nir=null, swir1=null, swir2=null, tir1=null, tir2=null}",29.14159393310547,"{lake_TIR=null, bkgd_BT=20.348833869485293, lake_BT=null, bkgd_TIR=8.51210751998074}","{blue=965, green=965, red=965, nir=965, swir1=965, swir2=965, tir1=965, tir2=965}","{""geodesic"":true,""type"":""Polygon"",""coordinates"":[[[2.8818679999999994,45.499909],[2.8817400000000006,45.492129],[2.89423,45.49203200000001],[2.894705,45.49992400000001],[2.8818679999999994,45.499909]]]}"
LE71980282001184EDC00,2.1899993896484373,"{shadow_count=0.0, cloud_count=0.0, water_count=307.0, snow_count=0.0, lake_SR={blue=0.031097394136807826, green=0.02655504885993487, red=0.01459446254071661, nir=0.02715342019543974, swir1=0.014347882736156331, swir2=0.01116449511400651}}",0.315,506.0,2001-07-03T10:24:48,184.43389525462962,0.0,"{blue=null, green=null, red=null, nir=null, swir1=null, swir2=null, tir1=null, tir2=null}",29.22736358642578,"{lake_TIR=null, bkgd_BT=25.352063090776902, lake_BT=null, bkgd_TIR=9.171736473543278}","{blue=965, green=965, red=965, nir=965, swir1=965, swir2=965, tir1=965, tir2=965}","{""geodesic"":true,""type"":""Polygon"",""coordinates"":[[[2.8818679999999994,45.499909],[2.8817400000000006,45.492129],[2.89423,45.49203200000001],[2.894705,45.49992400000001],[2.8818679999999994,45.499909]]]}"
LE71980282001248EDC00,1.3899993896484375,"{shadow_count=40.0, cloud_count=925.0, water_count=0.0, snow_count=0.0, lake_SR={blue=null, green=null, red=null, nir=null, swir1=null, swir2=null}}",0.318,770.0,2001-09-05T10:24:02,248.43336129629628,0.0,"{blue=null, green=null, red=null, nir=null, swir1=null, swir2=null, tir1=null, tir2=null}",43.285133361816406,"{lake_TIR=null, bkgd_BT=10.052745603165537, lake_BT=null, bkgd_TIR=7.247253061957517}","{blue=965, green=965, red=965, nir=965, swir1=965, swir2=965, tir1=965, tir2=965}","{""geodesic"":true,""type"":""Polygon"",""coordinates"":[[[2.8818679999999994,45.499909],[2.8817400000000006,45.492129],[2.89423,45.49203200000001],[2.894705,45.49992400000001],[2.8818679999999994,45.499909]]]}"
LE71980282001264EDC00,1.65,"{shadow_count=0.0, cloud_count=90.0, water_count=328.0, snow_count=0.0, lake_SR={blue=0.02736707317073173, green=0.02058658536585363, red=0.007837804878048788, nir=0.019953353658536552, swir1=0.006307926829268298, swir2=0.003266768292682938}}",0.304,470.0,2001-09-21T10:23:54,264.4332665277778,6.0,"{blue=36.500919143358864, green=21.292388260364532, red=9.816076437632242, nir=5.029593100150426, swir1=0.2832415575782458, swir2=0.030446164309978485, tir1=7.502519740412633, tir2=7.503346415857474}",48.592559814453125,"{lake_TIR=7.502519740412633, bkgd_BT=13.293140487581246, lake_BT=12.212107340494791, bkgd_TIR=7.633447690896436}","{blue=965, green=965, red=965, nir=965, swir1=965, swir2=965, tir1=965, tir2=965}","{""geodesic"":true,""type"":""Polygon"",""coordinates"":[[[2.8818679999999994,45.499909],[2.8817400000000006,45.492129],[2.89423,45.49203200000001],[2.894705,45.49992400000001],[2.8818679999999994,45.499909]]]}"
LE71980282001280EDC00,1.7600006103515624,"{shadow_count=0.0, cloud_count=0.0, water_count=397.0, snow_count=0.0, lake_SR={blue=0.02938589420654911, green=0.023111838790931927, red=0.011297229219143601, nir=0.022515365239294798, swir1=0.00666549118387911, swir2=0.0030891687657430764}}",0.303,439.0,2001-10-07T10:23:42,280.4331283680556,1.0,"{blue=32.73700833320618, green=18.363385677337646, red=9.2980318069458, nir=4.496456623077393, swir1=0.2622048109769821, swir2=0.04507870972156525, tir1=7.4466142281889915, tir2=7.4413385428488255}",54.167144775390625,"{lake_TIR=7.4466142281889915, bkgd_BT=10.247229737322588, lake_BT=11.7440185546875, bkgd_TIR=7.269948255141738}","{blue=965, green=965, red=965, nir=965, swir1=965, swir2=965, tir1=965, tir2=965}","{""geodesic"":true,""type"":""Polygon"",""coordinates"":[[[2.8818679999999994,45.499909],[2.8817400000000006,45.492129],[2.89423,45.49203200000001],[2.894705,45.49992400000001],[2.8818679999999994,45.499909]]]}"
LE71980282001344EDC01,0.6100006103515625,"{shadow_count=0.0, cloud_count=26.0, water_count=518.0, snow_count=0.0, lake_SR={blue=0.03045868725868723, green=0.022093243243243, red=0.012949999999999934, nir=0.017477992277992183, swir1=0.005924131274131319, swir2=0.003867760617760626}}",0.279,293.0,2001-12-10T10:24:03,344.43337761574077,264.0,"{blue=22.424600658994734, green=11.73379408703609, red=5.775328318277995, nir=2.5117349197918717, swir1=0.12020677141845226, swir2=0.026788027957081795, tir1=6.44971729885561, tir2=6.454990581058982}",71.1870346069336,"{lake_TIR=6.44971729885561, bkgd_BT=-0.4174776603839149, lake_BT=3.0267189488266455, bkgd_TIR=6.07895275246512}","{blue=965, green=965, red=965, nir=965, swir1=965, swir2=965, tir1=965, tir2=965}","{""geodesic"":true,""type"":""Polygon"",""coordinates"":[[[2.8818679999999994,45.499909],[2.8817400000000006,45.492129],[2.89423,45.49203200000001],[2.894705,45.49992400000001],[2.8818679999999994,45.499909]]]}"
LE71980282002011AGS00,1.370001220703125,"{shadow_count=230.0, cloud_count=170.0, water_count=354.0, snow_count=6.0, lake_SR={blue=0.04703983050847458, green=0.03622966101694928, red=0.023888135593220335, nir=0.02460423728813555, swir1=0.0049632768361581765, swir2=0.003150847457627128}}",0.282,309.0,2002-01-11T10:24:13,11.433485416666667,246.0,"{blue=24.46843387053265, green=13.261985391378403, red=6.728025029345257, nir=2.878842531665554, swir1=0.11443449338761771, swir2=0.025092794037446742, tir1=5.835990056516678, tir2=5.836393302927415}",71.00657844543457,"{lake_TIR=5.835990056516678, bkgd_BT=null, lake_BT=-2.737282605675178, bkgd_TIR=null}","{blue=965, green=965, red=965, nir=965, swir1=965, swir2=965, tir1=965, tir2=965}","{""geodesic"":true,""type"":""Polygon"",""coordinates"":[[[2.8818679999999994,45.499909],[2.8817400000000006,45.492129],[2.89423,45.49203200000001],[2.894705,45.49992400000001],[2.8818679999999994,45.499909]]]}"
LE71980282002043EDC00,1.920001220703125,"{shadow_count=353.0, cloud_count=612.0, water_count=0.0, snow_count=0.0, lake_SR={blue=null, green=null, red=null, nir=null, swir1=null, swir2=null}}",0.252,810.0,2002-02-12T10:24:21,43.433580532407404,1.0,"{blue=36.630709171295166, green=19.162204563617706, red=9.919685363769531, nir=4.496456623077393, swir1=0.5146457701921463, swir2=0.13287398219108582, tir1=6.440315008163452, tir2=6.436811000108719}",63.734806060791016,"{lake_TIR=6.440315008163452, bkgd_BT=4.712005004882813, lake_BT=2.942413330078125, bkgd_TIR=6.635984300946196}","{blue=965, green=965, red=965, nir=965, swir1=965, swir2=965, tir1=965, tir2=965}","{""geodesic"":true,""type"":""Polygon"",""coordinates"":[[[2.8818679999999994,45.499909],[2.8817400000000006,45.492129],[2.89423,45.49203200000001],[2.894705,45.49992400000001],[2.8818679999999994,45.499909]]]}"
LE71980282002091EDC00,1.420001220703125,"{shadow_count=0.0, cloud_count=0.0, water_count=441.0, snow_count=0.0, lake_SR={blue=0.026912698412698326, green=0.023819954648526202, red=0.013695464852607739, nir=0.01892925170068035, swir1=0.008708390022675731, swir2=0.005096145124716557}}",0.315,412.0,2002-04-01T10:24:12,91.43348077546297,118.0,"{blue=34.65746078046702, green=19.75793390253843, red=9.35071431176137, nir=4.592913508415222, swir1=0.39270395091024496, swir2=0.06814356943813421, tir1=6.833169675416361, tir2=6.828721777141347}",45.73143768310547,"{lake_TIR=6.833169675416361, bkgd_BT=11.290640397505326, lake_BT=6.466438164145259, bkgd_TIR=7.3973157310463264}","{blue=965, green=965, red=965, nir=965, swir1=965, swir2=965, tir1=965, tir2=965}","{""geodesic"":true,""type"":""Polygon"",""coordinates"":[[[2.8818679999999994,45.499909],[2.8817400000000006,45.492129],[2.89423,45.49203200000001],[2.894705,45.49992400000001],[2.8818679999999994,45.499909]]]}"
LE71980282002107MTI00,1.1899993896484375,"{shadow_count=null, cloud_count=null, water_count=null, snow_count=null, lake_SR=null}",0.35,445.0,2002-04-17T10:24:12,107.43348001157408,0.0,"{blue=null, green=null, red=null, nir=null, swir1=null, swir2=null, tir1=null, tir2=null}",39.8289680480957,"{lake_TIR=null, bkgd_BT=7.628805624472128, lake_BT=null, bkgd_TIR=6.966129015023644}","{blue=965, green=965, red=965, nir=965, swir1=965, swir2=965, tir1=965, tir2=965}","{""geodesic"":true,""type"":""Polygon"",""coordinates"":[[[2.8818679999999994,45.499909],[2.8817400000000006,45.492129],[2.89423,45.49203200000001],[2.894705,45.49992400000001],[2.8818679999999994,45.499909]]]}"
LE71980282002139EDC01,1.770001220703125,"{shadow_count=0.0, cloud_count=965.0, water_count=0.0, snow_count=0.0, lake_SR={blue=null, green=null, red=null, nir=null, swir1=null, swir2=null}}",0.34,908.0,2002-05-19T10:24:09,139.4334413425926,0.0,"{blue=null, green=null, red=null, nir=null, swir1=null, swir2=null, tir1=null, tir2=null}",31.13397979736328,"{lake_TIR=null, bkgd_BT=10.041290283203125, lake_BT=null, bkgd_TIR=7.245354384183884}","{blue=965, green=965, red=965, nir=965, swir1=965, swir2=965, tir1=965, tir2=965}","{""geodesic"":true,""type"":""Polygon"",""coordinates"":[[[2.8818679999999994,45.499909],[2.8817400000000006,45.492129],[2.89423,45.49203200000001],[2.894705,45.49992400000001],[2.8818679999999994,45.499909]]]}"
LE71980282002203EDC01,1.1899993896484375,"{shadow_count=0.0, cloud_count=0.0, water_count=348.0, snow_count=0.0, lake_SR={blue=0.023968103448275886, green=0.019528448275862028, red=0.0077847701149425345, nir=0.01908304597701152, swir1=0.007326724137931061, swir2=0.004603160919540238}}",0.314,497.0,2002-07-22T10:23:43,203.43313694444444,14.0,"{blue=39.425955516951426, green=22.636221766471863, red=8.935826471873693, nir=5.492969742843083, swir1=0.31122608482837677, swir2=0.034727191286427636, tir1=8.07914516649076, tir2=8.084448768624238}",31.89295196533203,"{lake_TIR=8.07914516649076, bkgd_BT=21.858909197453414, lake_BT=16.930223737444198, bkgd_TIR=8.71147414123174}","{blue=965, green=965, red=965, nir=965, swir1=965, swir2=965, tir1=965, tir2=965}","{""geodesic"":true,""type"":""Polygon"",""coordinates"":[[[2.8818679999999994,45.499909],[2.8817400000000006,45.492129],[2.89423,45.49203200000001],[2.894705,45.49992400000001],[2.8818679999999994,45.499909]]]}"
LE71980282002299EDC01,1.570001220703125,"{shadow_count=139.0, cloud_count=7.0, water_count=342.0, snow_count=0.0, lake_SR={blue=0.02845087719298241, green=0.021157309941520496, red=0.011408479532163767, nir=0.017741228070175495, swir1=0.006665789473684237, swir2=0.0037266081871345186}}",0.28,363.0,2002-10-26T10:23:14,299.4328051851852,151.0,"{blue=27.931081032910885, green=15.168849127971573, red=6.971872298133294, nir=3.3732754118395167, swir1=0.20430905357101894, swir2=0.04457263431406969, tir1=7.102739792736555, tir2=7.101075472815936}",60.561309814453125,"{lake_TIR=7.102739792736555, bkgd_BT=6.169410705566406, lake_BT=8.817636249870654, bkgd_TIR=6.799918994143167}","{blue=965, green=965, red=965, nir=965, swir1=965, swir2=965, tir1=965, tir2=965}","{""geodesic"":true,""type"":""Polygon"",""coordinates"":[[[2.8818679999999994,45.499909],[2.8817400000000006,45.492129],[2.89423,45.49203200000001],[2.894705,45.49992400000001],[2.8818679999999994,45.499909]]]}"
LE71980282002315EDC00,1.05,"{shadow_count=938.0, cloud_count=27.0, water_count=0.0, snow_count=0.0, lake_SR={blue=null, green=null, red=null, nir=null, swir1=null, swir2=null}}",0.269,30.0,2002-11-11T10:23:19,315.43286358796297,351.0,"{blue=25.8392784724548, green=13.240475953644157, red=6.191535115581632, nir=2.7011081447288863, swir1=0.1154869885271431, swir2=0.020941263016981956, tir1=6.905143061934034, tir2=6.898955147660356}",65.3907413482666,"{lake_TIR=6.905143061934034, bkgd_BT=5.157626664557425, lake_BT=7.099790219907407, bkgd_TIR=6.685842890419116}","{blue=965, green=965, red=965, nir=965, swir1=965, swir2=965, tir1=965, tir2=965}","{""geodesic"":true,""type"":""Polygon"",""coordinates"":[[[2.8818679999999994,45.499909],[2.8817400000000006,45.492129],[2.89423,45.49203200000001],[2.894705,45.49992400000001],[2.8818679999999994,45.499909]]]}"
LE71980282002331SGS00,0.9,"{shadow_count=0.0, cloud_count=0.0, water_count=512.0, snow_count=0.0, lake_SR={blue=0.022533593749999865, green=0.01690351562499992, red=0.008562890625000067, nir=0.014236132812500068, swir1=0.005645898437500001, swir2=0.0032208984374999996}}",0.267,308.0,2002-11-27T10:23:39,331.4330975925926,372.0,"{blue=21.94339664841211, green=11.311835198633132, red=5.271437421921761, nir=2.382828460745914, swir1=0.12784107462052377, swir2=0.021477830025457566, tir1=6.7587960874761945, tir2=6.748050517532774}",69.1736888885498,"{lake_TIR=6.7587960874761945, bkgd_BT=6.316468773818597, lake_BT=5.808694736931914, bkgd_TIR=6.81665455386406}","{blue=965, green=965, red=965, nir=965, swir1=965, swir2=965, tir1=965, tir2=965}","{""geodesic"":true,""type"":""Polygon"",""coordinates"":[[[2.8818679999999994,45.499909],[2.8817400000000006,45.492129],[2.89423,45.49203200000001],[2.894705,45.49992400000001],[2.8818679999999994,45.499909]]]}"
LE71980282002347MTI00,1.2899993896484374,"{shadow_count=null, cloud_count=null, water_count=null, snow_count=null, lake_SR=null}",0.318,328.0,2002-12-13T10:23:41,347.433121875,150.0,"{blue=26.434786949157715, green=14.401226723194123, red=7.485243825912476, nir=3.157217792669932, swir1=0.1410331505537033, swir2=0.029275560677051546, tir1=6.391565401504437, tir2=6.3986141503353915}",71.47909736633301,"{lake_TIR=6.391565401504437, bkgd_BT=-0.9341453696196934, lake_BT=2.496158447265625, bkgd_TIR=6.023871683146593}","{blue=965, green=965, red=965, nir=965, swir1=965, swir2=965, tir1=965, tir2=965}","{""geodesic"":true,""type"":""Polygon"",""coordinates"":[[[2.8818679999999994,45.499909],[2.8817400000000006,45.492129],[2.89423,45.49203200000001],[2.894705,45.49992400000001],[2.8818679999999994,45.499909]]]}"
LE71980282003030MTI00,0.8,"{shadow_count=null, cloud_count=null, water_count=null, snow_count=null, lake_SR=null}",0.477,965.0,2003-01-30T10:23:58,30.433315208333333,0.0,"{blue=null, green=null, red=null, nir=null, swir1=null, swir2=null, tir1=null, tir2=null}",67.49422454833984,"{lake_TIR=null, bkgd_BT=null, lake_BT=null, bkgd_TIR=null}","{blue=965, green=965, red=965, nir=965, swir1=965, swir2=965, tir1=965, tir2=965}","{""geodesic"":true,""type"":""Polygon"",""coordinates"":[[[2.8818679999999994,45.499909],[2.8817400000000006,45.492129],[2.89423,45.49203200000001],[2.894705,45.49992400000001],[2.8818679999999994,45.499909]]]}"
LE71980282003046EDC00,0.5100006103515625,"{shadow_count=0.0, cloud_count=965.0, water_count=0.0, snow_count=0.0, lake_SR={blue=null, green=null, red=null, nir=null, swir1=null, swir2=null}}",0.377,965.0,2003-02-15T10:24:07,46.433420497685184,0.0,"{blue=null, green=null, red=null, nir=null, swir1=null, swir2=null, tir1=null, tir2=null}",62.864654541015625,"{lake_TIR=null, bkgd_BT=null, lake_BT=null, bkgd_TIR=null}","{blue=965, green=965, red=965, nir=965, swir1=965, swir2=965, tir1=965, tir2=965}","{""geodesic"":true,""type"":""Polygon"",""coordinates"":[[[2.8818679999999994,45.499909],[2.8817400000000006,45.492129],[2.89423,45.49203200000001],[2.894705,45.49992400000001],[2.8818679999999994,45.499909]]]}"
LE71980282003062MTI00,1.1399993896484375,"{shadow_count=null, cloud_count=null, water_count=null, snow_count=null, lake_SR=null}",0.345,965.0,2003-03-03T10:24:09,62.43344681712963,0.0,"{blue=null, green=null, red=null, nir=null, swir1=null, swir2=null, tir1=null, tir2=null}",57.16311264038086,"{lake_TIR=null, bkgd_BT=null, lake_BT=null, bkgd_TIR=null}","{blue=965, green=965, red=965, nir=965, swir1=965, swir2=965, tir1=965, tir2=965}","{""geodesic"":true,""type"":""Polygon"",""coordinates"":[[[2.8818679999999994,45.499909],[2.8817400000000006,45.492129],[2.89423,45.49203200000001],[2.894705,45.49992400000001],[2.8818679999999994,45.499909]]]}"
LE71980282003078SGS00,0.6600006103515625,"{shadow_count=385.0, cloud_count=526.0, water_count=42.0, snow_count=0.0, lake_SR={blue=0.06859761904761906, green=0.060752380952380954, red=0.05060714285714285, nir=0.047214285714285716, swir1=0.009828571428571433, swir2=0.005928571428571426}}",0.352,487.0,2003-03-19T10:24:08,78.43343476851852,15.0,"{blue=37.56493379275004, green=21.749003887176514, red=11.0856689453125, nir=5.109868884086609, swir1=0.3385432958602905, swir2=0.053409417470296226, tir1=6.552126032610734, tir2=6.5558661162853245}",50.924251556396484,"{lake_TIR=6.552126032610734, bkgd_BT=null, lake_BT=3.956412760416667, bkgd_TIR=null}","{blue=965, green=965, red=965, nir=965, swir1=965, swir2=965, tir1=965, tir2=965}","{""geodesic"":true,""type"":""Polygon"",""coordinates"":[[[2.8818679999999994,45.499909],[2.8817400000000006,45.492129],[2.89423,45.49203200000001],[2.894705,45.49992400000001],[2.8818679999999994,45.499909]]]}"
LE71980282003222EDC01,2.5600006103515627,"{shadow_count=0.0, cloud_count=0.0, water_count=237.0, snow_count=0.0, lake_SR={blue=0.030679746835443056, green=0.027770886075949335, red=0.0140113924050633, nir=0.029231223628692054, swir1=0.00995063291139241, swir2=0.005037130801687763}}",0.308,425.0,2003-08-10T10:23:50,222.43322746527778,0.0,"{blue=null, green=null, red=null, nir=null, swir1=null, swir2=null, tir1=null, tir2=null}",35.852203369140625,"{lake_TIR=null, bkgd_BT=30.460910345767196, lake_BT=null, bkgd_TIR=9.871178388982802}","{blue=830, green=831, red=834, nir=837, swir1=851, swir2=847, tir1=860, tir2=860}","{""geodesic"":true,""type"":""Polygon"",""coordinates"":[[[2.8818679999999994,45.499909],[2.8817400000000006,45.492129],[2.89423,45.49203200000001],[2.894705,45.49992400000001],[2.8818679999999994,45.499909]]]}"
LE71980282003350ASN01,0.8,"{shadow_count=307.0, cloud_count=208.0, water_count=168.0, snow_count=0.0, lake_SR={blue=0.03155714285714287, green=0.023115476190476242, red=0.013230952380952388, nir=0.01675833333333332, swir1=0.006032142857142855, swir2=0.00410714285714286}}",0.252,283.0,2003-12-16T10:24:13,350.4334946875,216.0,"{blue=22.10029099700607, green=11.702863389419186, red=5.596890723263776, nir=2.4853473567852267, swir1=0.1348047007188619, swir2=0.025087767398693193, tir1=6.351290116660403, tir2=6.352879964415496}",71.69256782531738,"{lake_TIR=6.351290116660403, bkgd_BT=-2.9574723677201704, lake_BT=2.120111836076348, bkgd_TIR=5.814358082869329}","{blue=817, green=822, red=825, nir=829, swir1=839, swir2=835, tir1=845, tir2=845}","{""geodesic"":true,""type"":""Polygon"",""coordinates"":[[[2.8818679999999994,45.499909],[2.8817400000000006,45.492129],[2.89423,45.49203200000001],[2.894705,45.49992400000001],[2.8818679999999994,45.499909]]]}"
LE71980282004145EDC02,0.75,"{shadow_count=0.0, cloud_count=0.0, water_count=258.0, snow_count=0.0, lake_SR={blue=0.02346240310077518, green=0.023382558139534933, red=0.009742248062015502, nir=0.020128294573643415, swir1=0.008914728682170551, swir2=0.005898449612403094}}",0.352,418.0,2004-05-24T10:24:37,145.4337617476852,6.0,"{blue=39.09671970208486, green=23.156298995018005, red=9.40164073308309, nir=5.562204837799072, swir1=0.4094620371858279, swir2=0.08166007325053215, tir1=7.325858321785927, tir2=7.359488150477409}",30.163589477539062,"{lake_TIR=7.325858321785927, bkgd_BT=19.526247077496084, lake_BT=10.725360107421874, bkgd_TIR=8.412377897370568}","{blue=807, green=812, red=815, nir=819, swir1=830, swir2=827, tir1=837, tir2=837}","{""geodesic"":true,""type"":""Polygon"",""coordinates"":[[[2.8818679999999994,45.499909],[2.8817400000000006,45.492129],[2.89423,45.49203200000001],[2.894705,45.49992400000001],[2.8818679999999994,45.499909]]]}"
LE71980282004161ASN01,2.9300003051757812,"{shadow_count=0.0, cloud_count=0.0, water_count=0.0, snow_count=0.0, lake_SR={blue=null, green=null, red=null, nir=null, swir1=null, swir2=null}}",0.328,475.0,2004-06-09T10:24:31,161.43369320601852,0.0,"{blue=null, green=null, red=null, nir=null, swir1=null, swir2=null, tir1=null, tir2=null}",28.630821228027344,"{lake_TIR=null, bkgd_BT=20.478218816626462, lake_BT=null, bkgd_TIR=8.532506279967139}","{blue=814, green=818, red=822, nir=825, swir1=835, swir2=831, tir1=841, tir2=841}","{""geodesic"":true,""type"":""Polygon"",""coordinates"":[[[2.8818679999999994,45.499909],[2.8817400000000006,45.492129],[2.89423,45.49203200000001],[2.894705,45.49992400000001],[2.8818679999999994,45.499909]]]}"
LE71980282004353ASN00,1.0899993896484375,"{shadow_count=870.0, cloud_count=4.0, water_count=6.0, snow_count=0.0, lake_SR={blue=0.06376666666666665, green=0.047183333333333334, red=0.029133333333333334, nir=0.0321, swir1=0.006033333333333332, swir2=0.0051333333333333335}}",0.243,138.0,2004-12-18T10:24:40,353.43380439814814,381.0,"{blue=24.207121322787028, green=12.668516243536642, red=6.268181293968141, nir=2.5419027354773576, swir1=0.08458644159509754, swir2=0.019829780176242817, tir1=6.269869226013895, tir2=6.28086364074681}",71.83942413330078,"{lake_TIR=6.269869226013895, bkgd_BT=-5.123240260074013, lake_BT=1.3656556937951116, bkgd_TIR=5.592804256540941}","{blue=878, green=881, red=884, nir=887, swir1=886, swir2=883, tir1=883, tir2=883}","{""geodesic"":true,""type"":""Polygon"",""coordinates"":[[[2.8818679999999994,45.499909],[2.8817400000000006,45.492129],[2.89423,45.49203200000001],[2.894705,45.49992400000001],[2.8818679999999994,45.499909]]]}"
LE71980282005035ASN00,0.7100006103515625,"{shadow_count=0.0, cloud_count=0.0, water_count=95.0, snow_count=673.0, lake_SR={blue=0.13114631578947375, green=0.07961052631578946, red=0.052233684210526314, nir=0.046504210526315766, swir1=0.00362421052631579, swir2=0.002289473684210526}}",0.283,709.0,2005-02-04T10:24:57,35.433993460648146,29.0,"{blue=39.48608978589376, green=21.145479039899236, red=11.484537420601681, nir=4.606760721782158, swir1=0.13130949879134143, swir2=0.029883374101840533, tir1=5.751152512024749, tir2=5.755288104950027}",65.97391700744629,"{lake_TIR=5.751152512024749, bkgd_BT=-3.0234141126971377, lake_BT=-3.562013105912642, bkgd_TIR=5.807694501617801}","{blue=821, green=826, red=830, nir=834, swir1=843, swir2=839, tir1=850, tir2=850}","{""geodesic"":true,""type"":""Polygon"",""coordinates"":[[[2.8818679999999994,45.499909],[2.8817400000000006,45.492129],[2.89423,45.49203200000001],[2.894705,45.49992400000001],[2.8818679999999994,45.499909]]]}"
LE71980282005131ASN00,0.7,"{shadow_count=0.0, cloud_count=0.0, water_count=187.0, snow_count=0.0, lake_SR={blue=0.028379144385026832, green=0.027668449197861007, red=0.013301069518716548, nir=0.027674331550802175, swir1=0.008514438502673815, swir2=0.004699465240641716}}",0.353,443.0,2005-05-11T10:25:03,131.4340713425926,0.0,"{blue=null, green=null, red=null, nir=null, swir1=null, swir2=null, tir1=null, tir2=null}",32.6296501159668,"{lake_TIR=null, bkgd_BT=15.67981967043622, lake_BT=null, bkgd_TIR=7.933967049338569}","{blue=813, green=817, red=822, nir=825, swir1=836, swir2=832, tir1=841, tir2=841}","{""geodesic"":true,""type"":""Polygon"",""coordinates"":[[[2.8818679999999994,45.499909],[2.8817400000000006,45.492129],[2.89423,45.49203200000001],[2.894705,45.49992400000001],[2.8818679999999994,45.499909]]]}"
LE71980282005147ASN00,1.8600006103515625,"{shadow_count=0.0, cloud_count=0.0, water_count=126.0, snow_count=0.0, lake_SR={blue=0.026553968253968243, green=0.026034126984126982, red=0.013893650793650798, nir=0.028787301587301566, swir1=0.013776984126984144, swir2=0.00985555555555555}}",0.298,457.0,2005-05-27T10:25:01,147.43404569444445,0.0,"{blue=null, green=null, red=null, nir=null, swir1=null, swir2=null, tir1=null, tir2=null}",29.727561950683594,"{lake_TIR=null, bkgd_BT=24.799167620288966, lake_BT=null, bkgd_TIR=9.09658569010517}","{blue=813, green=818, red=821, nir=825, swir1=834, swir2=831, tir1=841, tir2=841}","{""geodesic"":true,""type"":""Polygon"",""coordinates"":[[[2.8818679999999994,45.499909],[2.8817400000000006,45.492129],[2.89423,45.49203200000001],[2.894705,45.49992400000001],[2.8818679999999994,45.499909]]]}"
LE71980282005163ASN00,1.579998779296875,"{shadow_count=4.0, cloud_count=815.0, water_count=0.0, snow_count=0.0, lake_SR={blue=null, green=null, red=null, nir=null, swir1=null, swir2=null}}",0.354,843.0,2005-06-12T10:24:54,163.43396831018518,0.0,"{blue=null, green=null, red=null, nir=null, swir1=null, swir2=null, tir1=null, tir2=null}",28.48801040649414,"{lake_TIR=null, bkgd_BT=21.59771487133651, lake_BT=null, bkgd_TIR=8.679862454145379}","{blue=834, green=837, red=841, nir=844, swir1=849, swir2=846, tir1=851, tir2=851}","{""geodesic"":true,""type"":""Polygon"",""coordinates"":[[[2.8818679999999994,45.499909],[2.8817400000000006,45.492129],[2.89423,45.49203200000001],[2.894705,45.49992400000001],[2.8818679999999994,45.499909]]]}"
LE71980282005195ASN00,2.0600006103515627,"{shadow_count=266.0, cloud_count=179.0, water_count=169.0, snow_count=0.0, lake_SR={blue=0.037528402366863944, green=0.030391124260355038, red=0.011164497041420127, nir=0.026189940828402366, swir1=0.007862130177514795, swir2=0.005057988165680473}}",0.318,421.0,2005-07-14T10:24:52,195.4339401388889,0.0,"{blue=null, green=null, red=null, nir=null, swir1=null, swir2=null, tir1=null, tir2=null}",30.555389404296875,"{lake_TIR=null, bkgd_BT=23.625223928655842, lake_BT=null, bkgd_TIR=8.947697801696698}","{blue=873, green=876, red=879, nir=881, swir1=879, swir2=876, tir1=876, tir2=876}","{""geodesic"":true,""type"":""Polygon"",""coordinates"":[[[2.8818679999999994,45.499909],[2.8817400000000006,45.492129],[2.89423,45.49203200000001],[2.894705,45.49992400000001],[2.8818679999999994,45.499909]]]}"
LE71980282005211ASN00,1.9,"{shadow_count=375.0, cloud_count=354.0, water_count=23.0, snow_count=0.0, lake_SR={blue=0.03563478260869564, green=0.026282608695652177, red=0.010921739130434779, nir=0.02329565217391304, swir1=0.010043478260869565, swir2=0.006330434782608693}}",0.317,363.0,2005-07-30T10:24:50,211.43392310185186,0.0,"{blue=null, green=null, red=null, nir=null, swir1=null, swir2=null, tir1=null, tir2=null}",33.392845153808594,"{lake_TIR=null, bkgd_BT=14.09803201596196, lake_BT=null, bkgd_TIR=7.735108104686196}","{blue=831, green=834, red=836, nir=840, swir1=844, swir2=840, tir1=843, tir2=843}","{""geodesic"":true,""type"":""Polygon"",""coordinates"":[[[2.8818679999999994,45.499909],[2.8817400000000006,45.492129],[2.89423,45.49203200000001],[2.894705,45.49992400000001],[2.8818679999999994,45.499909]]]}"
LE71980282005259ASN00,2.4899993896484376,"{shadow_count=0.0, cloud_count=0.0, water_count=376.0, snow_count=0.0, lake_SR={blue=0.02694494680851073, green=0.021716223404255316, red=0.006171542553191487, nir=0.01405957446808508, swir1=0.005060638297872331, swir2=0.002642287234042549}}",0.283,359.0,2005-09-16T10:24:30,259.433687662037,263.0,"{blue=34.910374428382845, green=19.730186053102006, red=7.896356676921192, nir=4.404952071918734, swir1=0.2780423616501768, swir2=0.04541253205034669, tir1=7.7972124749616185, tir2=7.797848175939929}",46.88335418701172,"{lake_TIR=7.7972124749616185, bkgd_BT=17.89782473055658, lake_BT=14.648123788650922, bkgd_TIR=8.203787951088437}","{blue=823, green=826, red=830, nir=833, swir1=838, swir2=835, tir1=842, tir2=842}","{""geodesic"":true,""type"":""Polygon"",""coordinates"":[[[2.8818679999999994,45.499909],[2.8817400000000006,45.492129],[2.89423,45.49203200000001],[2.894705,45.49992400000001],[2.8818679999999994,45.499909]]]}"
LE71980282005307ASN01,1.75,"{shadow_count=17.0, cloud_count=0.0, water_count=444.0, snow_count=0.0, lake_SR={blue=0.025645720720720702, green=0.018566891891891885, red=0.0077572072072071944, nir=0.013925675675675655, swir1=0.0056684684684684935, swir2=0.0035885135135135275}}",0.258,323.0,2005-11-03T10:24:49,307.43390436342594,258.0,"{blue=26.53727071969084, green=14.267116737227107, red=6.440353053484777, nir=3.080545328153196, swir1=0.1868639045445494, swir2=0.033678935970677885, tir1=7.2471745636516305, tir2=7.2444995971353245}",63.110490798950195,"{lake_TIR=7.2471745636516305, bkgd_BT=11.649465072025892, lake_BT=10.056427948234617, bkgd_TIR=7.436684440458294}","{blue=884, green=887, red=889, nir=891, swir1=903, swir2=900, tir1=911, tir2=911}","{""geodesic"":true,""type"":""Polygon"",""coordinates"":[[[2.8818679999999994,45.499909],[2.8817400000000006,45.492129],[2.89423,45.49203200000001],[2.894705,45.49992400000001],[2.8818679999999994,45.499909]]]}"
LE71980282005323ASN00,0.5399993896484375,"{shadow_count=0.0, cloud_count=16.0, water_count=498.0, snow_count=0.0, lake_SR={blue=0.024861847389558288, green=0.018355220883534175, red=0.008865060240963939, nir=0.013845381526104395, swir1=0.0048311244979919905, swir2=0.002732530120481932}}",0.301,247.0,2005-11-19T10:24:58,323.43400568287035,293.0,"{blue=23.21139481531475, green=12.16095234529964, red=5.510824984657886, nir=2.448339153475322, swir1=0.12435309263423035, swir2=0.023204802246223944, tir1=6.77162671951202, tir2=6.7731772573099}",67.4542407989502,"{lake_TIR=6.77162671951202, bkgd_BT=-1.3515927183861827, lake_BT=5.92073418418702, bkgd_TIR=5.982547519838109}","{blue=884, green=886, red=890, nir=893, swir1=893, swir2=891, tir1=890, tir2=890}","{""geodesic"":true,""type"":""Polygon"",""coordinates"":[[[2.8818679999999994,45.499909],[2.8817400000000006,45.492129],[2.89423,45.49203200000001],[2.894705,45.49992400000001],[2.8818679999999994,45.499909]]]}"
LE71980282005355ASN00,0.6600006103515625,"{shadow_count=0.0, cloud_count=0.0, water_count=179.0, snow_count=606.0, lake_SR={blue=0.12246424581005583, green=0.06922793296089383, red=0.042235754189944234, nir=0.042781005586592175, swir1=0.005546368715083789, swir2=0.0065608938547486026}}",0.295,648.0,2005-12-21T10:25:04,355.4340814583333,2.0,"{blue=35.85196900367737, green=19.961023449897766, red=11.473819255828857, nir=4.816338509321213, swir1=0.19909457117319107, swir2=0.023129891604185104, tir1=5.70236224681139, tir2=5.692716524004936}",71.92724227905273,"{lake_TIR=5.70236224681139, bkgd_BT=-9.048521305964544, lake_BT=-4.035552978515625, bkgd_TIR=5.212629959732294}","{blue=829, green=832, red=836, nir=840, swir1=851, swir2=847, tir1=856, tir2=856}","{""geodesic"":true,""type"":""Polygon"",""coordinates"":[[[2.8818679999999994,45.499909],[2.8817400000000006,45.492129],[2.89423,45.49203200000001],[2.894705,45.49992400000001],[2.8818679999999994,45.499909]]]}"
LE71980282006022ASN00,0.429998779296875,"{shadow_count=0.0, cloud_count=807.0, water_count=0.0, snow_count=0.0, lake_SR={blue=null, green=null, red=null, nir=null, swir1=null, swir2=null}}",0.252,827.0,2006-01-22T10:25:23,22.43429449074074,0.0,"{blue=null, green=null, red=null, nir=null, swir1=null, swir2=null, tir1=null, tir2=null}",69.13681411743164,"{lake_TIR=null, bkgd_BT=-6.496434776528368, lake_BT=null, bkgd_TIR=5.454858231530028}","{blue=816, green=820, red=825, nir=827, swir1=839, swir2=835, tir1=844, tir2=844}","{""geodesic"":true,""type"":""Polygon"",""coordinates"":[[[2.8818679999999994,45.499909],[2.8817400000000006,45.492129],[2.89423,45.49203200000001],[2.894705,45.49992400000001],[2.8818679999999994,45.499909]]]}"
LE71980282006166EDC00,1.9399993896484375,"{shadow_count=0.0, cloud_count=0.0, water_count=0.0, snow_count=0.0, lake_SR={blue=null, green=null, red=null, nir=null, swir1=null, swir2=null}}",0.324,416.0,2006-06-15T10:25:26,166.43433752314814,0.0,"{blue=null, green=null, red=null, nir=null, swir1=null, swir2=null, tir1=null, tir2=null}",28.40225601196289,"{lake_TIR=null, bkgd_BT=27.26174379357308, lake_BT=null, bkgd_TIR=9.431861585802405}","{blue=839, green=843, red=845, nir=848, swir1=849, swir2=846, tir1=849, tir2=849}","{""geodesic"":true,""type"":""Polygon"",""coordinates"":[[[2.8818679999999994,45.499909],[2.8817400000000006,45.492129],[2.89423,45.49203200000001],[2.894705,45.49992400000001],[2.8818679999999994,45.499909]]]}"
LE71980282006182ASN00,1.9,"{shadow_count=0.0, cloud_count=0.0, water_count=250.0, snow_count=0.0, lake_SR={blue=0.04342599999999996, green=0.03965119999999994, red=0.009724000000000017, nir=0.020955599999999915, swir1=0.0064052000000000015, swir2=0.003548000000000007}}",0.307,460.0,2006-07-01T10:25:21,182.43427091435186,153.0,"{blue=49.58238774851749, green=31.395097704494702, red=10.785124629151587, nir=7.127008487196529, swir1=0.36683494538853045, swir2=0.05971125513315201, tir1=8.344124343346905, tir2=8.342044795510938}",29.011394500732422,"{lake_TIR=8.344124343346905, bkgd_BT=24.693412396712557, lake_BT=19.034607345993454, bkgd_TIR=9.08486835032724}","{blue=806, green=810, red=813, nir=819, swir1=829, swir2=825, tir1=834, tir2=834}","{""geodesic"":true,""type"":""Polygon"",""coordinates"":[[[2.8818679999999994,45.499909],[2.8817400000000006,45.492129],[2.89423,45.49203200000001],[2.894705,45.49992400000001],[2.8818679999999994,45.499909]]]}"
LE71980282006198ASN00,1.879998779296875,"{shadow_count=208.0, cloud_count=303.0, water_count=0.0, snow_count=0.0, lake_SR={blue=null, green=null, red=null, nir=null, swir1=null, swir2=null}}",0.329,460.0,2006-07-17T10:25:13,198.43417980324074,0.0,"{blue=null, green=null, red=null, nir=null, swir1=null, swir2=null, tir1=null, tir2=null}",30.938819885253906,"{lake_TIR=null, bkgd_BT=21.382017130186075, lake_BT=null, bkgd_TIR=8.653599902350678}","{blue=813, green=818, red=820, nir=825, swir1=836, swir2=832, tir1=842, tir2=842}","{""geodesic"":true,""type"":""Polygon"",""coordinates"":[[[2.8818679999999994,45.499909],[2.8817400000000006,45.492129],[2.89423,45.49203200000001],[2.894705,45.49992400000001],[2.8818679999999994,45.499909]]]}"
LE71980282006230ASN00,2.3600006103515625,"{shadow_count=0.0, cloud_count=798.0, water_count=0.0, snow_count=0.0, lake_SR={blue=null, green=null, red=null, nir=null, swir1=null, swir2=null}}",0.322,819.0,2006-08-18T10:25:06,230.43410381944443,0.0,"{blue=null, green=null, red=null, nir=null, swir1=null, swir2=null, tir1=null, tir2=null}",37.877689361572266,"{lake_TIR=null, bkgd_BT=7.795429451234879, lake_BT=null, bkgd_TIR=6.986097079755798}","{blue=808, green=813, red=815, nir=819, swir1=830, swir2=825, tir1=836, tir2=836}","{""geodesic"":true,""type"":""Polygon"",""coordinates"":[[[2.8818679999999994,45.499909],[2.8817400000000006,45.492129],[2.89423,45.49203200000001],[2.894705,45.49992400000001],[2.8818679999999994,45.499909]]]}"
LE71980282006310ASN00,0.7399993896484375,"{shadow_count=0.0, cloud_count=0.0, water_count=482.0, snow_count=0.0, lake_SR={blue=0.02482593360995851, green=0.01883132780082986, red=0.007763692946058087, nir=0.014471576763485476, swir1=0.0064350622406638735, swir2=0.003621991701244805}}",0.266,282.0,2006-11-06T10:25:16,310.4342158333333,298.0,"{blue=25.302391632291293, green=13.704502374133808, red=5.903970273549125, nir=2.987215240329704, swir1=0.20163592311159875, swir2=0.03579833696052532, tir1=7.072460021548623, tir2=7.066170103135425}",63.91719436645508,"{lake_TIR=7.072460021548623, bkgd_BT=10.36522808149167, lake_BT=8.55597282256056, bkgd_TIR=7.286859332558478}","{blue=901, green=904, red=905, nir=908, swir1=909, swir2=907, tir1=908, tir2=908}","{""geodesic"":true,""type"":""Polygon"",""coordinates"":[[[2.8818679999999994,45.499909],[2.8817400000000006,45.492129],[2.89423,45.49203200000001],[2.894705,45.49992400000001],[2.8818679999999994,45.499909]]]}"
LE71980282006358ASN00,0.6,"{shadow_count=0.0, cloud_count=29.0, water_count=529.0, snow_count=76.0, lake_SR={blue=0.039032703213610666, green=0.026369754253308193, red=0.014990737240075547, nir=0.018651606805293024, swir1=0.005549527410207948, swir2=0.00311984877126655}}",0.288,227.0,2006-12-24T10:25:38,358.43447796296294,306.0,"{blue=22.28254882806267, green=11.617803970972696, red=5.614836060143764, nir=2.437086309677635, swir1=0.12067233876126711, swir2=0.020899028123402205, tir1=6.410302575285497, tir2=6.410376064773453}",71.96975326538086,"{lake_TIR=6.410302575285497, bkgd_BT=1.6862095103544348, lake_BT=2.6674531635485197, bkgd_TIR=6.306635062758098}","{blue=846, green=850, red=852, nir=856, swir1=856, swir2=853, tir1=855, tir2=855}","{""geodesic"":true,""type"":""Polygon"",""coordinates"":[[[2.8818679999999994,45.499909],[2.8817400000000006,45.492129],[2.89423,45.49203200000001],[2.894705,45.49992400000001],[2.8818679999999994,45.499909]]]}"
LE71980282007073ASN00,1.1100006103515625,"{shadow_count=0.0, cloud_count=0.0, water_count=420.0, snow_count=0.0, lake_SR={blue=0.034443333333333326, green=0.030385238095238097, red=0.020044761904761923, nir=0.0278704761904762, swir1=0.014074285714285777, swir2=0.008083571428571412}}",0.364,372.0,2007-03-14T10:25:58,73.43470347222222,0.0,"{blue=null, green=null, red=null, nir=null, swir1=null, swir2=null, tir1=null, tir2=null}",52.73566436767578,"{lake_TIR=null, bkgd_BT=12.537782441585437, lake_BT=null, bkgd_TIR=7.546320939897944}","{blue=859, green=860, red=863, nir=864, swir1=880, swir2=878, tir1=890, tir2=890}","{""geodesic"":true,""type"":""Polygon"",""coordinates"":[[[2.8818679999999994,45.499909],[2.8817400000000006,45.492129],[2.89423,45.49203200000001],[2.894705,45.49992400000001],[2.8818679999999994,45.499909]]]}"
LE71980282007105ASN00,1.629998779296875,"{shadow_count=0.0, cloud_count=834.0, water_count=0.0, snow_count=0.0, lake_SR={blue=null, green=null, red=null, nir=null, swir1=null, swir2=null}}",0.356,852.0,2007-04-15T10:25:57,105.4346928125,0.0,"{blue=null, green=null, red=null, nir=null, swir1=null, swir2=null, tir1=null, tir2=null}",40.441898345947266,"{lake_TIR=null, bkgd_BT=13.806344881924716, lake_BT=null, bkgd_TIR=7.70032360729846}","{blue=843, green=846, red=849, nir=852, swir1=855, swir2=852, tir1=855, tir2=855}","{""geodesic"":true,""type"":""Polygon"",""coordinates"":[[[2.8818679999999994,45.499909],[2.8817400000000006,45.492129],[2.89423,45.49203200000001],[2.894705,45.49992400000001],[2.8818679999999994,45.499909]]]}"
LE71980282007217ASN00,1.7100006103515626,"{shadow_count=0.0, cloud_count=0.0, water_count=319.0, snow_count=0.0, lake_SR={blue=0.018998119122257004, green=0.016316614420062697, red=0.004261442006269601, nir=0.016016300940438915, swir1=0.005141379310344833, swir2=0.002373981191222567}}",0.291,423.0,2007-08-05T10:25:32,217.4344072337963,25.0,"{blue=36.256913890838625, green=20.216645493507386, red=8.129323120117187, nir=4.592913508415222, swir1=0.2975465452671051, swir2=0.04859052062034607, tir1=8.308006360530854, tir2=8.326810969412326}",34.53887939453125,"{lake_TIR=8.308006360530854, bkgd_BT=25.953068276989733, lake_BT=18.749857177734373, bkgd_TIR=9.251105262040333}","{blue=877, green=879, red=881, nir=883, swir1=885, swir2=883, tir1=882, tir2=882}","{""geodesic"":true,""type"":""Polygon"",""coordinates"":[[[2.8818679999999994,45.499909],[2.8817400000000006,45.492129],[2.89423,45.49203200000001],[2.894705,45.49992400000001],[2.8818679999999994,45.499909]]]}"
LE71980282007249ASN00,2.8,"{shadow_count=0.0, cloud_count=875.0, water_count=0.0, snow_count=0.0, lake_SR={blue=null, green=null, red=null, nir=null, swir1=null, swir2=null}}",0.306,894.0,2007-09-06T10:25:18,249.43424706018519,0.0,"{blue=null, green=null, red=null, nir=null, swir1=null, swir2=null, tir1=null, tir2=null}",43.4050178527832,"{lake_TIR=null, bkgd_BT=4.159587718822338, lake_BT=null, bkgd_TIR=6.574488237500191}","{blue=885, green=888, red=890, nir=894, swir1=894, swir2=892, tir1=893, tir2=893}","{""geodesic"":true,""type"":""Polygon"",""coordinates"":[[[2.8818679999999994,45.499909],[2.8817400000000006,45.492129],[2.89423,45.49203200000001],[2.894705,45.49992400000001],[2.8818679999999994,45.499909]]]}"
LE71980282007297ASN00,1.5399993896484374,"{shadow_count=0.0, cloud_count=818.0, water_count=0.0, snow_count=0.0, lake_SR={blue=null, green=null, red=null, nir=null, swir1=null, swir2=null}}",0.268,841.0,2007-10-24T10:25:20,297.4342673726852,0.0,"{blue=null, green=null, red=null, nir=null, swir1=null, swir2=null, tir1=null, tir2=null}",59.76459312438965,"{lake_TIR=null, bkgd_BT=-2.6206736410817792, lake_BT=null, bkgd_TIR=5.847896918954868}","{blue=830, green=833, red=837, nir=841, swir1=852, swir2=847, tir1=856, tir2=856}","{""geodesic"":true,""type"":""Polygon"",""coordinates"":[[[2.8818679999999994,45.499909],[2.8817400000000006,45.492129],[2.89423,45.49203200000001],[2.894705,45.49992400000001],[2.8818679999999994,45.499909]]]}"
LE71980282008012ASN00,0.5709991455078125,"{shadow_count=0.0, cloud_count=806.0, water_count=0.0, snow_count=0.0, lake_SR={blue=null, green=null, red=null, nir=null, swir1=null, swir2=null}}",0.332,827.0,2008-01-12T10:25:48,12.434585162037036,0.0,"{blue=null, green=null, red=null, nir=null, swir1=null, swir2=null, tir1=null, tir2=null}",70.85159111022949,"{lake_TIR=null, bkgd_BT=-10.03294515164099, lake_BT=null, bkgd_TIR=5.1236618230833075}","{blue=817, green=821, red=824, nir=827, swir1=837, swir2=835, tir1=844, tir2=844}","{""geodesic"":true,""type"":""Polygon"",""coordinates"":[[[2.8818679999999994,45.499909],[2.8817400000000006,45.492129],[2.89423,45.49203200000001],[2.894705,45.49992400000001],[2.8818679999999994,45.499909]]]}"
LE71980282008028ASN00,0.6,"{shadow_count=104.0, cloud_count=328.0, water_count=0.0, snow_count=37.0, lake_SR={blue=null, green=null, red=null, nir=null, swir1=null, swir2=null}}",0.282,763.0,2008-01-28T10:25:46,28.43457104166667,0.0,"{blue=null, green=null, red=null, nir=null, swir1=null, swir2=null, tir1=null, tir2=null}",67.91460418701172,"{lake_TIR=null, bkgd_BT=-1.3973764490198206, lake_BT=null, bkgd_TIR=5.976920429065272}","{blue=820, green=824, red=827, nir=830, swir1=840, swir2=838, tir1=847, tir2=847}","{""geodesic"":true,""type"":""Polygon"",""coordinates"":[[[2.8818679999999994,45.499909],[2.8817400000000006,45.492129],[2.89423,45.49203200000001],[2.894705,45.49992400000001],[2.8818679999999994,45.499909]]]}"
LE71980282008044ASN01,0.6209991455078125,"{shadow_count=154.0, cloud_count=206.0, water_count=255.0, snow_count=91.0, lake_SR={blue=0.04994196078431367, green=0.04125058823529397, red=0.03188627450980395, nir=0.030875294117647133, swir1=0.0052686274509804, swir2=0.003385882352941182}}",0.341,421.0,2008-02-13T10:25:43,44.43453649305555,12.0,"{blue=27.80498727162679, green=14.768700689077377, red=8.106529156366983, nir=3.4301836689313254, swir1=0.14650270467003187, swir2=0.05239498242735863, tir1=5.914803193261226, tir2=5.934547228738666}",63.445465087890625,"{lake_TIR=5.914803193261226, bkgd_BT=2.99714404296875, lake_BT=-1.9765294392903645, bkgd_TIR=6.449438787758351}","{blue=823, green=827, red=830, nir=834, swir1=846, swir2=842, tir1=851, tir2=851}","{""geodesic"":true,""type"":""Polygon"",""coordinates"":[[[2.8818679999999994,45.499909],[2.8817400000000006,45.492129],[2.89423,45.49203200000001],[2.894705,45.49992400000001],[2.8818679999999994,45.499909]]]}"
LE71980282008156ASN00,2.129998779296875,"{shadow_count=0.0, cloud_count=890.0, water_count=0.0, snow_count=0.0, lake_SR={blue=null, green=null, red=null, nir=null, swir1=null, swir2=null}}",0.341,901.0,2008-06-04T10:25:17,156.43422734953703,0.0,"{blue=null, green=null, red=null, nir=null, swir1=null, swir2=null, tir1=null, tir2=null}",28.881309509277344,"{lake_TIR=null, bkgd_BT=-1.1172567928538604, lake_BT=null, bkgd_TIR=6.006225148544592}","{blue=896, green=898, red=899, nir=901, swir1=908, swir2=906, tir1=910, tir2=910}","{""geodesic"":true,""type"":""Polygon"",""coordinates"":[[[2.8818679999999994,45.499909],[2.8817400000000006,45.492129],[2.89423,45.49203200000001],[2.894705,45.49992400000001],[2.8818679999999994,45.499909]]]}"
LE71980282008172ASN00,2.6300003051757814,"{shadow_count=170.0, cloud_count=0.0, water_count=0.0, snow_count=0.0, lake_SR={blue=null, green=null, red=null, nir=null, swir1=null, swir2=null}}",0.314,512.0,2008-06-20T10:25:08,172.43412135416668,0.0,"{blue=null, green=null, red=null, nir=null, swir1=null, swir2=null, tir1=null, tir2=null}",28.49683380126953,"{lake_TIR=null, bkgd_BT=20.974800125071376, lake_BT=null, bkgd_TIR=8.593951354401057}","{blue=864, green=866, red=868, nir=870, swir1=884, swir2=881, tir1=893, tir2=893}","{""geodesic"":true,""type"":""Polygon"",""coordinates"":[[[2.8818679999999994,45.499909],[2.8817400000000006,45.492129],[2.89423,45.49203200000001],[2.894705,45.49992400000001],[2.8818679999999994,45.499909]]]}"
LE71980282008204ASN00,1.6399993896484375,"{shadow_count=0.0, cloud_count=0.0, water_count=216.0, snow_count=0.0, lake_SR={blue=0.023791666666666638, green=0.02082592592592593, red=0.007361111111111122, nir=0.019208796296296286, swir1=0.006374537037037049, swir2=0.0037652777777777862}}",0.31,461.0,2008-07-22T10:24:45,204.43385563657407,5.0,"{blue=38.811181640625, green=23.316062772274016, red=9.049370384216308, nir=5.562204837799072, swir1=0.3379370987415314, swir2=0.053858236968517305, tir1=7.875968562066555, tir2=7.865472394227981}",31.935203552246094,"{lake_TIR=7.875968562066555, bkgd_BT=18.51181958437228, lake_BT=15.290362548828124, bkgd_TIR=8.282406757360809}","{blue=831, green=835, red=837, nir=841, swir1=850, swir2=846, tir1=855, tir2=855}","{""geodesic"":true,""type"":""Polygon"",""coordinates"":[[[2.8818679999999994,45.499909],[2.8817400000000006,45.492129],[2.89423,45.49203200000001],[2.894705,45.49992400000001],[2.8818679999999994,45.499909]]]}"
LE71980282008332ASN00,1.079998779296875,"{shadow_count=0.0, cloud_count=33.0, water_count=371.0, snow_count=398.0, lake_SR={blue=0.11646037735849034, green=0.0834787061994609, red=0.06144609164420469, nir=0.05928436657681933, swir1=0.014052560646900343, swir2=0.012680592991913767}}",0.29,445.0,2008-11-27T10:24:45,332.4338580787037,0.0,"{blue=null, green=null, red=null, nir=null, swir1=null, swir2=null, tir1=null, tir2=null}",69.25032997131348,"{lake_TIR=null, bkgd_BT=-7.093259953270274, lake_BT=null, bkgd_TIR=5.397423089227893}","{blue=834, green=839, red=842, nir=846, swir1=855, swir2=852, tir1=862, tir2=862}","{""geodesic"":true,""type"":""Polygon"",""coordinates"":[[[2.8818679999999994,45.499909],[2.8817400000000006,45.492129],[2.89423,45.49203200000001],[2.894705,45.49992400000001],[2.8818679999999994,45.499909]]]}"
LE71980282009030ASN00,0.679998779296875,"{shadow_count=0.0, cloud_count=0.0, water_count=0.0, snow_count=834.0, lake_SR={blue=null, green=null, red=null, nir=null, swir1=null, swir2=null}}",0.261,857.0,2009-01-30T10:25:12,30.434177337962964,0.0,"{blue=null, green=null, red=null, nir=null, swir1=null, swir2=null, tir1=null, tir2=null}",67.25802803039551,"{lake_TIR=null, bkgd_BT=-4.294677734375, lake_BT=null, bkgd_TIR=5.680894530117512}","{blue=846, green=850, red=853, nir=857, swir1=867, swir2=863, tir1=867, tir2=867}","{""geodesic"":true,""type"":""Polygon"",""coordinates"":[[[2.8818679999999994,45.499909],[2.8817400000000006,45.492129],[2.89423,45.49203200000001],[2.894705,45.49992400000001],[2.8818679999999994,45.499909]]]}"
LE71980282009062ASN00,0.879998779296875,"{shadow_count=9.0, cloud_count=415.0, water_count=24.0, snow_count=346.0, lake_SR={blue=0.14125000000000004, green=0.10303333333333335, red=0.07791666666666666, nir=0.07514583333333337, swir1=0.00915833333333333, swir2=0.006033333333333334}}",0.349,789.0,2009-03-03T10:25:30,62.43438065972222,0.0,"{blue=null, green=null, red=null, nir=null, swir1=null, swir2=null, tir1=null, tir2=null}",56.83366012573242,"{lake_TIR=null, bkgd_BT=-0.06556369947350543, lake_BT=null, bkgd_TIR=6.116549172155235}","{blue=834, green=838, red=842, nir=847, swir1=856, swir2=851, tir1=862, tir2=862}","{""geodesic"":true,""type"":""Polygon"",""coordinates"":[[[2.8818679999999994,45.499909],[2.8817400000000006,45.492129],[2.89423,45.49203200000001],[2.894705,45.49992400000001],[2.8818679999999994,45.499909]]]}"
LE71980282009078ASN00,0.7709991455078125,"{shadow_count=40.0, cloud_count=496.0, water_count=14.0, snow_count=238.0, lake_SR={blue=0.11556428571428569, green=0.10170714285714286, red=0.08700714285714285, nir=0.07393571428571431, swir1=0.013542857142857145, swir2=0.0064285714285714285}}",0.337,785.0,2009-03-19T10:25:38,78.43446894675925,1.0,"{blue=168.5448796749115, green=154.50906109809875, red=111.87243843078613, nir=36.579527378082275, swir1=0.7209842503070831, swir2=0.18196846544742584, tir1=6.306141778826714, tir2=6.250787381082773}",50.579811096191406,"{lake_TIR=6.306141778826714, bkgd_BT=6.076750732421875, lake_BT=1.71002197265625, bkgd_TIR=6.795605719447136}","{blue=829, green=832, red=837, nir=839, swir1=849, swir2=847, tir1=855, tir2=855}","{""geodesic"":true,""type"":""Polygon"",""coordinates"":[[[2.8818679999999994,45.499909],[2.8817400000000006,45.492129],[2.89423,45.49203200000001],[2.894705,45.49992400000001],[2.8818679999999994,45.499909]]]}"
LE71980282009174ASN00,1.679998779296875,"{shadow_count=4.0, cloud_count=806.0, water_count=0.0, snow_count=0.0, lake_SR={blue=null, green=null, red=null, nir=null, swir1=null, swir2=null}}",0.336,723.0,2009-06-23T10:25:51,174.43462163194445,0.0,"{blue=null, green=null, red=null, nir=null, swir1=null, swir2=null, tir1=null, tir2=null}",28.431854248046875,"{lake_TIR=null, bkgd_BT=8.732844959605824, lake_BT=null, bkgd_TIR=7.105082371695475}","{blue=821, green=825, red=829, nir=832, swir1=839, swir2=836, tir1=845, tir2=845}","{""geodesic"":true,""type"":""Polygon"",""coordinates"":[[[2.8818679999999994,45.499909],[2.8817400000000006,45.492129],[2.89423,45.49203200000001],[2.894705,45.49992400000001],[2.8818679999999994,45.499909]]]}"
LE71980282009190ASN00,1.7209991455078124,"{shadow_count=0.0, cloud_count=878.0, water_count=0.0, snow_count=0.0, lake_SR={blue=null, green=null, red=null, nir=null, swir1=null, swir2=null}}",0.33,893.0,2009-07-09T10:25:48,190.43458365740742,0.0,"{blue=null, green=null, red=null, nir=null, swir1=null, swir2=null, tir1=null, tir2=null}",29.74237060546875,"{lake_TIR=null, bkgd_BT=0.21784923922631047, lake_BT=null, bkgd_TIR=6.146720898808331}","{blue=885, green=887, red=888, nir=893, swir1=901, swir2=899, tir1=910, tir2=910}","{""geodesic"":true,""type"":""Polygon"",""coordinates"":[[[2.8818679999999994,45.499909],[2.8817400000000006,45.492129],[2.89423,45.49203200000001],[2.894705,45.49992400000001],[2.8818679999999994,45.499909]]]}"
LE71980282009206ASN00,1.9899993896484376,"{shadow_count=8.0, cloud_count=753.0, water_count=0.0, snow_count=0.0, lake_SR={blue=null, green=null, red=null, nir=null, swir1=null, swir2=null}}",0.303,834.0,2009-07-25T10:25:43,206.4345292824074,0.0,"{blue=null, green=null, red=null, nir=null, swir1=null, swir2=null, tir1=null, tir2=null}",32.250946044921875,"{lake_TIR=null, bkgd_BT=11.441699150554294, lake_BT=null, bkgd_TIR=7.427125379235052}","{blue=826, green=831, red=835, nir=838, swir1=848, swir2=844, tir1=853, tir2=853}","{""geodesic"":true,""type"":""Polygon"",""coordinates"":[[[2.8818679999999994,45.499909],[2.8817400000000006,45.492129],[2.89423,45.49203200000001],[2.894705,45.49992400000001],[2.8818679999999994,45.499909]]]}"
LE71980282009222ASN00,2.6600006103515623,"{shadow_count=55.0, cloud_count=840.0, water_count=0.0, snow_count=0.0, lake_SR={blue=null, green=null, red=null, nir=null, swir1=null, swir2=null}}",0.315,768.0,2009-08-10T10:25:37,222.43445936342593,0.0,"{blue=null, green=null, red=null, nir=null, swir1=null, swir2=null, tir1=null, tir2=null}",35.74946594238281,"{lake_TIR=null, bkgd_BT=11.581458282470702, lake_BT=null, bkgd_TIR=7.43353233832866}","{blue=904, green=905, red=906, nir=909, swir1=916, swir2=913, tir1=920, tir2=920}","{""geodesic"":true,""type"":""Polygon"",""coordinates"":[[[2.8818679999999994,45.499909],[2.8817400000000006,45.492129],[2.89423,45.49203200000001],[2.894705,45.49992400000001],[2.8818679999999994,45.499909]]]}"
LE71980282009238ASN00,2.0399993896484374,"{shadow_count=0.0, cloud_count=818.0, water_count=0.0, snow_count=0.0, lake_SR={blue=null, green=null, red=null, nir=null, swir1=null, swir2=null}}",0.299,841.0,2009-08-26T10:25:37,238.4344582523148,0.0,"{blue=null, green=null, red=null, nir=null, swir1=null, swir2=null, tir1=null, tir2=null}",40.08671188354492,"{lake_TIR=null, bkgd_BT=-14.896818108514909, lake_BT=null, bkgd_TIR=4.6917547120823775}","{blue=830, green=834, red=837, nir=841, swir1=851, swir2=847, tir1=856, tir2=856}","{""geodesic"":true,""type"":""Polygon"",""coordinates"":[[[2.8818679999999994,45.499909],[2.8817400000000006,45.492129],[2.89423,45.49203200000001],[2.894705,45.49992400000001],[2.8818679999999994,45.499909]]]}"
LE71980282009270ASN00,2.0100006103515624,"{shadow_count=163.0, cloud_count=722.0, water_count=0.0, snow_count=0.0, lake_SR={blue=null, green=null, red=null, nir=null, swir1=null, swir2=null}}",0.286,729.0,2009-09-27T10:25:34,270.43442825231483,0.0,"{blue=null, green=null, red=null, nir=null, swir1=null, swir2=null, tir1=null, tir2=null}",50.54878616333008,"{lake_TIR=null, bkgd_BT=10.718482484208776, lake_BT=null, bkgd_TIR=7.345270618796349}","{blue=893, green=895, red=898, nir=900, swir1=901, swir2=900, tir1=897, tir2=897}","{""geodesic"":true,""type"":""Polygon"",""coordinates"":[[[2.8818679999999994,45.499909],[2.8817400000000006,45.492129],[2.89423,45.49203200000001],[2.894705,45.49992400000001],[2.8818679999999994,45.499909]]]}"
LE71980282009286ASN00,1.7899993896484374,"{shadow_count=0.0, cloud_count=832.0, water_count=0.0, snow_count=0.0, lake_SR={blue=null, green=null, red=null, nir=null, swir1=null, swir2=null}}",0.274,837.0,2009-10-13T10:25:33,286.43441078703705,0.0,"{blue=null, green=null, red=null, nir=null, swir1=null, swir2=null, tir1=null, tir2=null}",56.11531066894531,"{lake_TIR=null, bkgd_BT=-1.5446319580078125, lake_BT=null, bkgd_TIR=5.961560530757362}","{blue=844, green=847, red=852, nir=854, swir1=865, swir2=860, tir1=869, tir2=869}","{""geodesic"":true,""type"":""Polygon"",""coordinates"":[[[2.8818679999999994,45.499909],[2.8817400000000006,45.492129],[2.89423,45.49203200000001],[2.894705,45.49992400000001],[2.8818679999999994,45.499909]]]}"
LE71980282009302ASN00,1.7600006103515624,"{shadow_count=0.0, cloud_count=0.0, water_count=414.0, snow_count=0.0, lake_SR={blue=0.02767125603864732, green=0.02377705314009668, red=0.00982342995169079, nir=0.015493719806763276, swir1=0.006207729468599072, swir2=0.003128985507246375}}",0.271,308.0,2009-10-29T10:25:49,302.43459824074074,259.0,"{blue=26.823088485443176, green=15.339796735973431, red=6.4557988597619484, nir=3.1008329495039684, swir1=0.19786674549607453, swir2=0.03260973133581622, tir1=7.2429295667862315, tir2=7.241867433290884}",61.45743179321289,"{lake_TIR=7.243464620390409, bkgd_BT=13.49643863540098, lake_BT=10.024789299763425, bkgd_TIR=7.658381614250591}","{blue=842, green=845, red=849, nir=852, swir1=862, swir2=859, tir1=866, tir2=866}","{""geodesic"":true,""type"":""Polygon"",""coordinates"":[[[2.8818679999999994,45.499909],[2.8817400000000006,45.492129],[2.89423,45.49203200000001],[2.894705,45.49992400000001],[2.8818679999999994,45.499909]]]}"
LE71980282010065ASN00,0.9,"{shadow_count=6.0, cloud_count=288.0, water_count=14.0, snow_count=452.0, lake_SR={blue=0.13611428571428572, green=0.09555714285714287, red=0.07725714285714289, nir=0.07722142857142857, swir1=0.006821428571428573, swir2=0.0038428571428571422}}",0.417,778.0,2010-03-06T10:27:31,65.43578190972222,0.0,"{blue=null, green=null, red=null, nir=null, swir1=null, swir2=null, tir1=null, tir2=null}",55.63262939453125,"{lake_TIR=null, bkgd_BT=-3.274880320755477, lake_BT=null, bkgd_TIR=5.7825895385797494}","{blue=817, green=821, red=824, nir=827, swir1=835, swir2=833, tir1=840, tir2=840}","{""geodesic"":true,""type"":""Polygon"",""coordinates"":[[[2.8818679999999994,45.499909],[2.8817400000000006,45.492129],[2.89423,45.49203200000001],[2.894705,45.49992400000001],[2.8818679999999994,45.499909]]]}"
LE71980282010081ASN00,0.9,"{shadow_count=0.0, cloud_count=799.0, water_count=0.0, snow_count=0.0, lake_SR={blue=null, green=null, red=null, nir=null, swir1=null, swir2=null}}",0.35,822.0,2010-03-22T10:27:37,81.43584503472222,0.0,"{blue=null, green=null, red=null, nir=null, swir1=null, swir2=null, tir1=null, tir2=null}",49.33161926269531,"{lake_TIR=null, bkgd_BT=-17.11811641477189, lake_BT=null, bkgd_TIR=4.461892768037769}","{blue=812, green=816, red=818, nir=822, swir1=832, swir2=828, tir1=837, tir2=837}","{""geodesic"":true,""type"":""Polygon"",""coordinates"":[[[2.8818679999999994,45.499909],[2.8817400000000006,45.492129],[2.89423,45.49203200000001],[2.894705,45.49992400000001],[2.8818679999999994,45.499909]]]}"
LE71980282010225ASN00,1.8899993896484375,"{shadow_count=472.0, cloud_count=400.0, water_count=0.0, snow_count=0.0, lake_SR={blue=null, green=null, red=null, nir=null, swir1=null, swir2=null}}",0.344,518.0,2010-08-13T10:27:39,225.43587476851852,0.0,"{blue=null, green=null, red=null, nir=null, swir1=null, swir2=null, tir1=null, tir2=null}",36.2264289855957,"{lake_TIR=null, bkgd_BT=16.923105161789564, lake_BT=null, bkgd_TIR=8.093941211831151}","{blue=892, green=892, red=895, nir=897, swir1=908, swir2=906, tir1=914, tir2=914}","{""geodesic"":true,""type"":""Polygon"",""coordinates"":[[[2.8818679999999994,45.499909],[2.8817400000000006,45.492129],[2.89423,45.49203200000001],[2.894705,45.49992400000001],[2.8818679999999994,45.499909]]]}"
LE71980282010273ASN00,1.7100006103515626,"{shadow_count=0.0, cloud_count=832.0, water_count=0.0, snow_count=0.0, lake_SR={blue=null, green=null, red=null, nir=null, swir1=null, swir2=null}}",0.293,905.0,2010-09-30T10:27:39,273.43587556712964,0.0,"{blue=null, green=null, red=null, nir=null, swir1=null, swir2=null, tir1=null, tir2=null}",51.343692779541016,"{lake_TIR=null, bkgd_BT=-16.37918399425035, lake_BT=null, bkgd_TIR=4.525708252459429}","{blue=900, green=901, red=904, nir=905, swir1=914, swir2=913, tir1=919, tir2=919}","{""geodesic"":true,""type"":""Polygon"",""coordinates"":[[[2.8818679999999994,45.499909],[2.8817400000000006,45.492129],[2.89423,45.49203200000001],[2.894705,45.49992400000001],[2.8818679999999994,45.499909]]]}"
LE71980282010353ASN00,1.3899993896484375,"{shadow_count=0.0, cloud_count=0.0, water_count=166.0, snow_count=660.0, lake_SR={blue=0.22329397590361447, green=0.1418222891566266, red=0.09408012048192767, nir=0.07316807228915671, swir1=0.005319277108433734, swir2=0.003787349397590366}}",0.305,712.0,2010-12-19T10:28:29,353.43645430555557,22.0,"{blue=60.52387340502305, green=32.88736542788419, red=18.198980461467396, nir=7.782515999945727, swir1=0.10156056420369582, swir2=0.015148503197865053, tir1=5.67186833105304, tir2=5.675805285911668}",71.61976051330566,"{lake_TIR=5.67186833105304, bkgd_BT=-2.632395985362294, lake_BT=-4.335961081764915, bkgd_TIR=5.846856493789416}","{blue=876, green=879, red=882, nir=885, swir1=886, swir2=884, tir1=886, tir2=886}","{""geodesic"":true,""type"":""Polygon"",""coordinates"":[[[2.8818679999999994,45.499909],[2.8817400000000006,45.492129],[2.89423,45.49203200000001],[2.894705,45.49992400000001],[2.8818679999999994,45.499909]]]}"
LE71980282011004ASN00,0.7399993896484375,"{shadow_count=80.0, cloud_count=182.0, water_count=91.0, snow_count=355.0, lake_SR={blue=0.09032747252747252, green=0.05645164835164832, red=0.03424615384615383, nir=0.031994505494505464, swir1=0.004546153846153845, swir2=0.003931868131868139}}",0.286,644.0,2011-01-04T10:28:39,4.436563738425926,70.0,"{blue=32.8272970482923, green=17.08527545928955, red=8.809589726584298, nir=3.728740096092224, swir1=0.08369298981768744, swir2=0.032536527940205166, tir1=5.402389241222824, tir2=5.395078733563423}",71.40768241882324,"{lake_TIR=5.402389241222824, bkgd_BT=-3.4018470966710455, lake_BT=-7.098417445591518, bkgd_TIR=5.777760477456371}","{blue=900, green=901, red=903, nir=905, swir1=914, swir2=913, tir1=920, tir2=920}","{""geodesic"":true,""type"":""Polygon"",""coordinates"":[[[2.8818679999999994,45.499909],[2.8817400000000006,45.492129],[2.89423,45.49203200000001],[2.894705,45.49992400000001],[2.8818679999999994,45.499909]]]}"
LE71980282011068ASN00,1.15,"{shadow_count=0.0, cloud_count=0.0, water_count=226.0, snow_count=157.0, lake_SR={blue=0.06436725663716816, green=0.06307876106194686, red=0.05244955752212389, nir=0.05214070796460173, swir1=0.017242035398230066, swir2=0.011435840707964606}}",0.338,557.0,2011-03-09T10:29:00,68.43680990740741,0.0,"{blue=null, green=null, red=null, nir=null, swir1=null, swir2=null, tir1=null, tir2=null}",54.42094802856445,"{lake_TIR=null, bkgd_BT=8.380522294477982, lake_BT=null, bkgd_TIR=7.067981440856149}","{blue=837, green=840, red=843, nir=847, swir1=858, swir2=855, tir1=864, tir2=864}","{""geodesic"":true,""type"":""Polygon"",""coordinates"":[[[2.8818679999999994,45.499909],[2.8817400000000006,45.492129],[2.89423,45.49203200000001],[2.894705,45.49992400000001],[2.8818679999999994,45.499909]]]}"
LE71980282011084ASN00,1.3,"{shadow_count=0.0, cloud_count=0.0, water_count=354.0, snow_count=0.0, lake_SR={blue=0.02460649717514124, green=0.02275621468926553, red=0.011515254237288141, nir=0.016065819209039586, swir1=0.008585875706214682, swir2=0.005080790960451977}}",0.328,385.0,2011-03-25T10:29:01,84.43681967592593,209.0,"{blue=33.07021927031187, green=18.86790286867242, red=8.64365964186819, nir=4.3342198769441636, swir1=0.38117818170757384, swir2=0.07574404412479492, tir1=6.7440046589549, tir2=6.741163789480924}",48.096458435058594,"{lake_TIR=6.7440046589549, bkgd_BT=14.929321212958813, lake_BT=5.598542301829268, bkgd_TIR=7.85632774270978}","{blue=838, green=842, red=845, nir=849, swir1=860, swir2=856, tir1=863, tir2=863}","{""geodesic"":true,""type"":""Polygon"",""coordinates"":[[[2.8818679999999994,45.499909],[2.8817400000000006,45.492129],[2.89423,45.49203200000001],[2.894705,45.49992400000001],[2.8818679999999994,45.499909]]]}"
LE71980282011100ASN00,1.470001220703125,"{shadow_count=24.0, cloud_count=831.0, water_count=6.0, snow_count=0.0, lake_SR={blue=0.05971666666666667, green=0.04621666666666668, red=0.02706666666666667, nir=0.03315, swir1=0.016999999999999998, swir2=0.010366666666666668}}",0.296,675.0,2011-04-10T10:29:04,100.43685388888889,0.0,"{blue=null, green=null, red=null, nir=null, swir1=null, swir2=null, tir1=null, tir2=null}",41.93712615966797,"{lake_TIR=null, bkgd_BT=18.614113313605987, lake_BT=null, bkgd_TIR=8.323185717440154}","{blue=908, green=910, red=911, nir=912, swir1=917, swir2=915, tir1=917, tir2=917}","{""geodesic"":true,""type"":""Polygon"",""coordinates"":[[[2.8818679999999994,45.499909],[2.8817400000000006,45.492129],[2.89423,45.49203200000001],[2.894705,45.49992400000001],[2.8818679999999994,45.499909]]]}"
LE71980282011116ASN01,1.0899993896484375,"{shadow_count=0.0, cloud_count=0.0, water_count=378.0, snow_count=0.0, lake_SR={blue=0.03155343915343914, green=0.03019365079365085, red=0.014557407407407403, nir=0.02613571428571424, swir1=0.009579100529100526, swir2=0.005851851851851865}}",0.338,425.0,2011-04-26T10:29:03,116.43684451388889,0.0,"{blue=null, green=null, red=null, nir=null, swir1=null, swir2=null, tir1=null, tir2=null}",36.44171142578125,"{lake_TIR=null, bkgd_BT=14.551059684368095, lake_BT=null, bkgd_TIR=7.8010212935582555}","{blue=901, green=904, red=906, nir=908, swir1=909, swir2=908, tir1=910, tir2=910}","{""geodesic"":true,""type"":""Polygon"",""coordinates"":[[[2.8818679999999994,45.499909],[2.8817400000000006,45.492129],[2.89423,45.49203200000001],[2.894705,45.49992400000001],[2.8818679999999994,45.499909]]]}"
LE71980282011148ASN00,1.1600006103515625,"{shadow_count=0.0, cloud_count=0.0, water_count=205.0, snow_count=0.0, lake_SR={blue=0.024634146341463412, green=0.02116829268292686, red=0.007184878048780472, nir=0.02097463414634148, swir1=0.006554146341463414, swir2=0.003843902439024392}}",0.335,456.0,2011-05-28T10:29:02,148.43683609953703,0.0,"{blue=null, green=null, red=null, nir=null, swir1=null, swir2=null, tir1=null, tir2=null}",29.17966079711914,"{lake_TIR=null, bkgd_BT=20.677241800996043, lake_BT=null, bkgd_TIR=8.5745958705235}","{blue=837, green=839, red=842, nir=847, swir1=859, swir2=855, tir1=865, tir2=865}","{""geodesic"":true,""type"":""Polygon"",""coordinates"":[[[2.8818679999999994,45.499909],[2.8817400000000006,45.492129],[2.89423,45.49203200000001],[2.894705,45.49992400000001],[2.8818679999999994,45.499909]]]}"
LE71980282011228ASN00,2.2899993896484374,"{shadow_count=0.0, cloud_count=840.0, water_count=0.0, snow_count=0.0, lake_SR={blue=null, green=null, red=null, nir=null, swir1=null, swir2=null}}",0.299,750.0,2011-08-16T10:28:51,228.43670207175927,0.0,"{blue=null, green=null, red=null, nir=null, swir1=null, swir2=null, tir1=null, tir2=null}",36.82426071166992,"{lake_TIR=null, bkgd_BT=16.917413214371667, lake_BT=null, bkgd_TIR=8.102854856982898}","{blue=852, green=855, red=858, nir=861, swir1=865, swir2=862, tir1=867, tir2=867}","{""geodesic"":true,""type"":""Polygon"",""coordinates"":[[[2.8818679999999994,45.499909],[2.8817400000000006,45.492129],[2.89423,45.49203200000001],[2.894705,45.49992400000001],[2.8818679999999994,45.499909]]]}"
LE71980282011276ASN00,1.170001220703125,"{shadow_count=0.0, cloud_count=0.0, water_count=369.0, snow_count=0.0, lake_SR={blue=0.02223224932249327, green=0.015592140921409247, red=0.006410840108401103, nir=0.015802710027100333, swir1=0.004441463414634137, swir2=0.0019731707317073226}}",0.275,388.0,2011-10-03T10:28:42,276.4366064699074,79.0,"{blue=30.23756553251532, green=15.790656886523283, red=6.906767410568044, nir=3.6113526685328425, swir1=0.193312553665306, swir2=0.02372467876235141, tir1=7.843189532620998, tir2=7.836933074448305}",52.26859664916992,"{lake_TIR=7.843189532620998, bkgd_BT=19.28800339681577, lake_BT=14.940139577358584, bkgd_TIR=8.390089376572021}","{blue=878, green=881, red=882, nir=884, swir1=897, swir2=896, tir1=904, tir2=904}","{""geodesic"":true,""type"":""Polygon"",""coordinates"":[[[2.8818679999999994,45.499909],[2.8817400000000006,45.492129],[2.89423,45.49203200000001],[2.894705,45.49992400000001],[2.8818679999999994,45.499909]]]}"
LE71980282011292ASN00,1.429998779296875,"{shadow_count=0.0, cloud_count=829.0, water_count=0.0, snow_count=0.0, lake_SR={blue=null, green=null, red=null, nir=null, swir1=null, swir2=null}}",0.275,852.0,2011-10-19T10:28:46,292.4366439583333,0.0,"{blue=null, green=null, red=null, nir=null, swir1=null, swir2=null, tir1=null, tir2=null}",57.825965881347656,"{lake_TIR=null, bkgd_BT=-26.313486328125, lake_BT=null, bkgd_TIR=3.6962041217684747}","{blue=842, green=844, red=849, nir=852, swir1=862, swir2=858, tir1=867, tir2=867}","{""geodesic"":true,""type"":""Polygon"",""coordinates"":[[[2.8818679999999994,45.499909],[2.8817400000000006,45.492129],[2.89423,45.49203200000001],[2.894705,45.49992400000001],[2.8818679999999994,45.499909]]]}"
LE71980282011308ASN01,2.029998779296875,"{shadow_count=0.0, cloud_count=833.0, water_count=0.0, snow_count=0.0, lake_SR={blue=null, green=null, red=null, nir=null, swir1=null, swir2=null}}",0.262,857.0,2011-11-04T10:28:51,308.4367103587963,0.0,"{blue=null, green=null, red=null, nir=null, swir1=null, swir2=null, tir1=null, tir2=null}",63.00856018066406,"{lake_TIR=null, bkgd_BT=-44.21288742557649, lake_BT=null, bkgd_TIR=2.4648920679765363}","{blue=846, green=851, red=855, nir=857, swir1=867, swir2=863, tir1=871, tir2=871}","{""geodesic"":true,""type"":""Polygon"",""coordinates"":[[[2.8818679999999994,45.499909],[2.8817400000000006,45.492129],[2.89423,45.49203200000001],[2.894705,45.49992400000001],[2.8818679999999994,45.499909]]]}"
LE71980282011324ASN01,1.45,"{shadow_count=0.0, cloud_count=875.0, water_count=0.0, snow_count=0.0, lake_SR={blue=null, green=null, red=null, nir=null, swir1=null, swir2=null}}",0.266,888.0,2011-11-20T10:29:05,324.43686596064816,0.0,"{blue=null, green=null, red=null, nir=null, swir1=null, swir2=null, tir1=null, tir2=null}",67.32680702209473,"{lake_TIR=null, bkgd_BT=-5.765830916587753, lake_BT=null, bkgd_TIR=5.535662173999079}","{blue=881, green=883, red=886, nir=888, swir1=900, swir2=897, tir1=908, tir2=908}","{""geodesic"":true,""type"":""Polygon"",""coordinates"":[[[2.8818679999999994,45.499909],[2.8817400000000006,45.492129],[2.89423,45.49203200000001],[2.894705,45.49992400000001],[2.8818679999999994,45.499909]]]}"
LE71980282012039ASN00,0.370001220703125,"{shadow_count=44.0, cloud_count=378.0, water_count=29.0, snow_count=432.0, lake_SR={blue=0.20318965517241383, green=0.13659655172413795, red=0.09738965517241381, nir=0.08781724137931032, swir1=0.009627586206896558, swir2=0.0063413793103448265}}",0.378,880.0,2012-02-08T10:29:33,39.437190775462966,0.0,"{blue=null, green=null, red=null, nir=null, swir1=null, swir2=null, tir1=null, tir2=null}",64.67415046691895,"{lake_TIR=null, bkgd_BT=-15.142256100972494, lake_BT=null, bkgd_TIR=4.643651609076187}","{blue=900, green=901, red=904, nir=905, swir1=914, swir2=912, tir1=918, tir2=918}","{""geodesic"":true,""type"":""Polygon"",""coordinates"":[[[2.8818679999999994,45.499909],[2.8817400000000006,45.492129],[2.89423,45.49203200000001],[2.894705,45.49992400000001],[2.8818679999999994,45.499909]]]}"
LE71980282012087ASN00,0.9600006103515625,"{shadow_count=0.0, cloud_count=0.0, water_count=341.0, snow_count=0.0, lake_SR={blue=0.031096774193548365, green=0.029456891495601337, red=0.017509677419354806, nir=0.023312023460410662, swir1=0.010111436950146655, swir2=0.005480351906158323}}",0.321,390.0,2012-03-27T10:29:34,87.43720197916667,25.0,"{blue=36.11659785270691, green=22.684615468978883, red=10.721228008270264, nir=5.562204837799072, swir1=0.4838708585500717, swir2=0.06227555871009827, tir1=6.9266929645091295, tir2=6.912721425450097}",46.96886444091797,"{lake_TIR=6.9266929645091295, bkgd_BT=17.798255475002943, lake_BT=7.209242502848308, bkgd_TIR=8.213498881742668}","{blue=831, green=834, red=837, nir=841, swir1=851, swir2=846, tir1=855, tir2=855}","{""geodesic"":true,""type"":""Polygon"",""coordinates"":[[[2.8818679999999994,45.499909],[2.8817400000000006,45.492129],[2.89423,45.49203200000001],[2.894705,45.49992400000001],[2.8818679999999994,45.499909]]]}"
LE71980282012135ASN00,0.520001220703125,"{shadow_count=0.0, cloud_count=753.0, water_count=0.0, snow_count=0.0, lake_SR={blue=null, green=null, red=null, nir=null, swir1=null, swir2=null}}",0.353,775.0,2012-05-14T10:30:10,135.4376262962963,0.0,"{blue=null, green=null, red=null, nir=null, swir1=null, swir2=null, tir1=null, tir2=null}",31.421566009521484,"{lake_TIR=null, bkgd_BT=-12.572459759098468, lake_BT=null, bkgd_TIR=4.901972438144211}","{blue=764, green=769, red=773, nir=775, swir1=785, swir2=782, tir1=791, tir2=791}","{""geodesic"":true,""type"":""Polygon"",""coordinates"":[[[2.8818679999999994,45.499909],[2.8817400000000006,45.492129],[2.89423,45.49203200000001],[2.894705,45.49992400000001],[2.8818679999999994,45.499909]]]}"
LE71980282012151ASN00,2.020001220703125,"{shadow_count=0.0, cloud_count=847.0, water_count=0.0, snow_count=0.0, lake_SR={blue=null, green=null, red=null, nir=null, swir1=null, swir2=null}}",0.34,867.0,2012-05-30T10:29:54,151.43743952546296,0.0,"{blue=null, green=null, red=null, nir=null, swir1=null, swir2=null, tir1=null, tir2=null}",28.765254974365234,"{lake_TIR=null, bkgd_BT=-0.11635706284466912, lake_BT=null, bkgd_TIR=6.145133903622627}","{blue=859, green=863, red=866, nir=867, swir1=868, swir2=865, tir1=866, tir2=866}","{""geodesic"":true,""type"":""Polygon"",""coordinates"":[[[2.8818679999999994,45.499909],[2.8817400000000006,45.492129],[2.89423,45.49203200000001],[2.894705,45.49992400000001],[2.8818679999999994,45.499909]]]}"
LE71980282012231ASN00,2.6800003051757812,"{shadow_count=0.0, cloud_count=0.0, water_count=0.0, snow_count=0.0, lake_SR={blue=null, green=null, red=null, nir=null, swir1=null, swir2=null}}",0.279,500.0,2012-08-18T10:30:36,231.4379265277778,0.0,"{blue=null, green=null, red=null, nir=null, swir1=null, swir2=null, tir1=null, tir2=null}",37.37828826904297,"{lake_TIR=null, bkgd_BT=26.80668966712701, lake_BT=null, bkgd_TIR=9.378772435969706}","{blue=847, green=851, red=855, nir=860, swir1=869, swir2=864, tir1=873, tir2=873}","{""geodesic"":true,""type"":""Polygon"",""coordinates"":[[[2.8818679999999994,45.499909],[2.8817400000000006,45.492129],[2.89423,45.49203200000001],[2.894705,45.49992400000001],[2.8818679999999994,45.499909]]]}"
LE71980282012247EDC00,2.0899993896484377,"{shadow_count=6.0, cloud_count=820.0, water_count=0.0, snow_count=0.0, lake_SR={blue=null, green=null, red=null, nir=null, swir1=null, swir2=null}}",0.291,796.0,2012-09-03T10:30:46,247.4380433449074,0.0,"{blue=null, green=null, red=null, nir=null, swir1=null, swir2=null, tir1=null, tir2=null}",42.129493713378906,"{lake_TIR=null, bkgd_BT=8.665968104771204, lake_BT=null, bkgd_TIR=7.101277892681814}","{blue=847, green=850, red=852, nir=856, swir1=867, swir2=864, tir1=872, tir2=872}","{""geodesic"":true,""type"":""Polygon"",""coordinates"":[[[2.8818679999999994,45.499909],[2.8817400000000006,45.492129],[2.89423,45.49203200000001],[2.894705,45.49992400000001],[2.8818679999999994,45.499909]]]}"
LE71980282012263ASN00,0.7899993896484375,"{shadow_count=50.0, cloud_count=859.0, water_count=0.0, snow_count=0.0, lake_SR={blue=null, green=null, red=null, nir=null, swir1=null, swir2=null}}",0.303,870.0,2012-09-19T10:30:54,263.43813319444445,0.0,"{blue=null, green=null, red=null, nir=null, swir1=null, swir2=null, tir1=null, tir2=null}",47.45029067993164,"{lake_TIR=null, bkgd_BT=2.162386939639137, lake_BT=null, bkgd_TIR=6.3676378422727185}","{blue=914, green=916, red=917, nir=918, swir1=923, swir2=921, tir1=925, tir2=925}","{""geodesic"":true,""type"":""Polygon"",""coordinates"":[[[2.8818679999999994,45.499909],[2.8817400000000006,45.492129],[2.89423,45.49203200000001],[2.894705,45.49992400000001],[2.8818679999999994,45.499909]]]}"
LE71980282013025ASN00,0.3399993896484375,"{shadow_count=0.0, cloud_count=130.0, water_count=118.0, snow_count=563.0, lake_SR={blue=0.23230847457627116, green=0.1389457627118644, red=0.08798644067796604, nir=0.06690593220338988, swir1=0.0018389830508474608, swir2=0.002549152542372883}}",0.359,734.0,2013-01-25T10:31:38,25.438641886574075,7.0,"{blue=65.7778411592756, green=35.252699272973196, red=18.800450461251394, nir=8.335039258003235, swir1=0.11795283428260259, swir2=0.032536527940205166, tir1=4.90690667288644, tir2=4.895472442465169}",67.99145698547363,"{lake_TIR=4.90690667288644, bkgd_BT=-7.252109077033095, lake_BT=-12.189605712890625, bkgd_TIR=5.381719923160207}","{blue=832, green=837, red=841, nir=844, swir1=854, swir2=849, tir1=860, tir2=860}","{""geodesic"":true,""type"":""Polygon"",""coordinates"":[[[2.8818679999999994,45.499909],[2.8817400000000006,45.492129],[2.89423,45.49203200000001],[2.894705,45.49992400000001],[2.8818679999999994,45.499909]]]}"
LE71980282013057ASN00,0.320001220703125,"{shadow_count=0.0, cloud_count=0.0, water_count=39.0, snow_count=778.0, lake_SR={blue=0.17902307692307692, green=0.11849230769230772, red=0.08523076923076923, nir=0.08434871794871796, swir1=0.004156410256410257, swir2=0.0035307692307692306}}",0.388,809.0,2013-02-26T10:31:35,57.43860030092593,0.0,"{blue=null, green=null, red=null, nir=null, swir1=null, swir2=null, tir1=null, tir2=null}",58.20502853393555,"{lake_TIR=null, bkgd_BT=-7.692132132393973, lake_BT=null, bkgd_TIR=5.3376453337333505}","{blue=836, green=840, red=843, nir=846, swir1=856, swir2=853, tir1=862, tir2=862}","{""geodesic"":true,""type"":""Polygon"",""coordinates"":[[[2.8818679999999994,45.499909],[2.8817400000000006,45.492129],[2.89423,45.49203200000001],[2.894705,45.49992400000001],[2.8818679999999994,45.499909]]]}"
LE71980282013105ASN00,2.0399993896484374,"{shadow_count=0.0, cloud_count=900.0, water_count=0.0, snow_count=0.0, lake_SR={blue=null, green=null, red=null, nir=null, swir1=null, swir2=null}}",0.362,912.0,2013-04-15T10:31:26,105.43849851851851,0.0,"{blue=null, green=null, red=null, nir=null, swir1=null, swir2=null, tir1=null, tir2=null}",39.73244857788086,"{lake_TIR=null, bkgd_BT=2.0386981055850075, lake_BT=null, bkgd_TIR=6.355658089653367}","{blue=907, green=908, red=911, nir=912, swir1=915, swir2=914, tir1=916, tir2=916}","{""geodesic"":true,""type"":""Polygon"",""coordinates"":[[[2.8818679999999994,45.499909],[2.8817400000000006,45.492129],[2.89423,45.49203200000001],[2.894705,45.49992400000001],[2.8818679999999994,45.499909]]]}"
LE71980282013201ASN00,2.6399993896484375,"{shadow_count=207.0, cloud_count=268.0, water_count=0.0, snow_count=0.0, lake_SR={blue=null, green=null, red=null, nir=null, swir1=null, swir2=null}}",0.336,564.0,2013-07-20T10:30:47,201.43805322916666,0.0,"{blue=null, green=null, red=null, nir=null, swir1=null, swir2=null, tir1=null, tir2=null}",30.759628295898438,"{lake_TIR=null, bkgd_BT=20.459453064211285, lake_BT=null, bkgd_TIR=8.533453502432815}","{blue=834, green=838, red=840, nir=844, swir1=854, swir2=850, tir1=858, tir2=858}","{""geodesic"":true,""type"":""Polygon"",""coordinates"":[[[2.8818679999999994,45.499909],[2.8817400000000006,45.492129],[2.89423,45.49203200000001],[2.894705,45.49992400000001],[2.8818679999999994,45.499909]]]}"
LE71980282013217ASN00,3.1199996948242186,"{shadow_count=0.0, cloud_count=0.0, water_count=136.0, snow_count=0.0, lake_SR={blue=0.02550882352941177, green=0.02154191176470585, red=0.009323529411764706, nir=0.024397058823529428, swir1=0.00906470588235295, swir2=0.004841176470588239}}",0.303,419.0,2013-08-05T10:30:42,217.43798747685184,0.0,"{blue=null, green=null, red=null, nir=null, swir1=null, swir2=null, tir1=null, tir2=null}",34.02069854736328,"{lake_TIR=null, bkgd_BT=23.901707248391336, lake_BT=null, bkgd_TIR=8.977629210647798}","{blue=871, green=873, red=877, nir=880, swir1=879, swir2=878, tir1=878, tir2=878}","{""geodesic"":true,""type"":""Polygon"",""coordinates"":[[[2.8818679999999994,45.499909],[2.8817400000000006,45.492129],[2.89423,45.49203200000001],[2.894705,45.49992400000001],[2.8818679999999994,45.499909]]]}"
LE71980282013233ASN00,1.820001220703125,"{shadow_count=0.0, cloud_count=0.0, water_count=170.0, snow_count=0.0, lake_SR={blue=0.018499411764705872, green=0.015231176470588245, red=0.006188823529411765, nir=0.02018647058823529, swir1=0.006821176470588234, swir2=0.0025594117647058756}}",0.296,457.0,2013-08-21T10:30:48,233.43805869212963,0.0,"{blue=null, green=null, red=null, nir=null, swir1=null, swir2=null, tir1=null, tir2=null}",38.12617874145508,"{lake_TIR=null, bkgd_BT=20.42922928166944, lake_BT=null, bkgd_TIR=8.526484452236748}","{blue=849, green=853, red=858, nir=860, swir1=871, swir2=867, tir1=876, tir2=876}","{""geodesic"":true,""type"":""Polygon"",""coordinates"":[[[2.8818679999999994,45.499909],[2.8817400000000006,45.492129],[2.89423,45.49203200000001],[2.894705,45.49992400000001],[2.8818679999999994,45.499909]]]}"
LE71980282013249ASN00,3.4100006103515623,"{shadow_count=214.0, cloud_count=569.0, water_count=0.0, snow_count=0.0, lake_SR={blue=null, green=null, red=null, nir=null, swir1=null, swir2=null}}",0.306,701.0,2013-09-06T10:31:00,249.43819446759258,0.0,"{blue=null, green=null, red=null, nir=null, swir1=null, swir2=null, tir1=null, tir2=null}",42.99581527709961,"{lake_TIR=null, bkgd_BT=15.32094068059535, lake_BT=null, bkgd_TIR=7.880603117109743}","{blue=848, green=851, red=855, nir=859, swir1=869, swir2=865, tir1=874, tir2=874}","{""geodesic"":true,""type"":""Polygon"",""coordinates"":[[[2.8818679999999994,45.499909],[2.8817400000000006,45.492129],[2.89423,45.49203200000001],[2.894705,45.49992400000001],[2.8818679999999994,45.499909]]]}"
LE71980282013265ASN00,2.3399993896484377,"{shadow_count=0.0, cloud_count=0.0, water_count=305.0, snow_count=0.0, lake_SR={blue=0.017919344262295085, green=0.014474098360655715, red=0.004884262295081966, nir=0.013734098360655716, swir1=0.003749180327868832, swir2=0.00160098360655738}}",0.267,419.0,2013-09-22T10:31:09,265.43830274305554,98.0,"{blue=30.715217235137004, green=16.31541164310611, red=6.839201095152874, nir=3.5840592676279495, swir1=0.19610355262245452, swir2=0.023611870623126474, tir1=7.5272609032690525, tir2=7.520893324602475}",48.38821029663086,"{lake_TIR=7.5272609032690525, bkgd_BT=15.812007544523508, lake_BT=12.418902782683677, bkgd_TIR=7.942776324687487}","{blue=849, green=852, red=857, nir=860, swir1=870, swir2=865, tir1=875, tir2=875}","{""geodesic"":true,""type"":""Polygon"",""coordinates"":[[[2.8818679999999994,45.499909],[2.8817400000000006,45.492129],[2.89423,45.49203200000001],[2.894705,45.49992400000001],[2.8818679999999994,45.499909]]]}"
LE71980282013297ASN00,1.5600006103515625,"{shadow_count=0.0, cloud_count=0.0, water_count=436.0, snow_count=0.0, lake_SR={blue=0.02133532110091744, green=0.016931422018348682, red=0.007997935779816516, nir=0.01565711009174309, swir1=0.004954816513761465, swir2=0.0023910550458715635}}",0.276,328.0,2013-10-24T10:31:30,297.4385493171296,153.0,"{blue=26.41038069693871, green=14.050807899119807, red=6.279152115965201, nir=3.1834773775798824, swir1=0.16073344501794554, swir2=0.029298513689461875, tir1=7.2550008255087475, tir2=7.257017100729}",59.5390682220459,"{lake_TIR=7.2550008255087475, bkgd_BT=11.619429893493653, lake_BT=10.123300589767156, bkgd_TIR=7.432693755645305}","{blue=892, green=896, red=897, nir=900, swir1=901, swir2=898, tir1=899, tir2=899}","{""geodesic"":true,""type"":""Polygon"",""coordinates"":[[[2.8818679999999994,45.499909],[2.8817400000000006,45.492129],[2.89423,45.49203200000001],[2.894705,45.49992400000001],[2.8818679999999994,45.499909]]]}"
LE71980282013313ASN00,1.529998779296875,"{shadow_count=0.0, cloud_count=827.0, water_count=0.0, snow_count=0.0, lake_SR={blue=null, green=null, red=null, nir=null, swir1=null, swir2=null}}",0.315,850.0,2013-11-09T10:31:36,313.4386169328704,0.0,"{blue=null, green=null, red=null, nir=null, swir1=null, swir2=null, tir1=null, tir2=null}",64.48663520812988,"{lake_TIR=null, bkgd_BT=-5.100762795275591, lake_BT=null, bkgd_TIR=5.596185793674837}","{blue=839, green=843, red=848, nir=850, swir1=860, swir2=857, tir1=865, tir2=865}","{""geodesic"":true,""type"":""Polygon"",""coordinates"":[[[2.8818679999999994,45.499909],[2.8817400000000006,45.492129],[2.89423,45.49203200000001],[2.894705,45.49992400000001],[2.8818679999999994,45.499909]]]}"
LE71980282013329ASN00,0.85,"{shadow_count=0.0, cloud_count=902.0, water_count=0.0, snow_count=0.0, lake_SR={blue=null, green=null, red=null, nir=null, swir1=null, swir2=null}}",0.289,915.0,2013-11-25T10:31:41,329.43867822916667,0.0,"{blue=null, green=null, red=null, nir=null, swir1=null, swir2=null, tir1=null, tir2=null}",68.40658378601074,"{lake_TIR=null, bkgd_BT=-7.978945848418445, lake_BT=null, bkgd_TIR=5.308841982720102}","{blue=909, green=911, red=912, nir=915, swir1=919, swir2=916, tir1=919, tir2=919}","{""geodesic"":true,""type"":""Polygon"",""coordinates"":[[[2.8818679999999994,45.499909],[2.8817400000000006,45.492129],[2.89423,45.49203200000001],[2.894705,45.49992400000001],[2.8818679999999994,45.499909]]]}"
LE71980282013345ASN00,0.420001220703125,"{shadow_count=0.0, cloud_count=0.0, water_count=470.0, snow_count=139.0, lake_SR={blue=0.07016829787234048, green=0.044164042553191195, red=0.026869574468085147, nir=0.02397595744680832, swir1=0.0033791489361702383, swir2=0.0018597872340425667}}",0.281,319.0,2013-12-11T10:31:47,345.4387480902778,238.0,"{blue=26.536019015412794, green=13.730153826104493, red=6.793376309531076, nir=2.7072753340256313, swir1=0.07390061008276316, swir2=0.01403773942236173, tir1=5.951662929286644, tir2=5.9487354708677636}",70.87451553344727,"{lake_TIR=5.951662929286644, bkgd_BT=0.042549085913237576, lake_BT=-1.6250647851976299, bkgd_TIR=6.144883891394049}","{blue=863, green=866, red=867, nir=870, swir1=883, swir2=881, tir1=893, tir2=893}","{""geodesic"":true,""type"":""Polygon"",""coordinates"":[[[2.8818679999999994,45.499909],[2.8817400000000006,45.492129],[2.89423,45.49203200000001],[2.894705,45.49992400000001],[2.8818679999999994,45.499909]]]}"
LE71980282013361ASN00,2.15,"{shadow_count=0.0, cloud_count=823.0, water_count=0.0, snow_count=0.0, lake_SR={blue=null, green=null, red=null, nir=null, swir1=null, swir2=null}}",0.286,848.0,2013-12-27T10:31:51,361.43879243055557,0.0,"{blue=null, green=null, red=null, nir=null, swir1=null, swir2=null, tir1=null, tir2=null}",71.56433486938477,"{lake_TIR=null, bkgd_BT=-14.542427134291033, lake_BT=null, bkgd_TIR=4.691674182835583}","{blue=837, green=842, red=846, nir=848, swir1=859, swir2=853, tir1=862, tir2=862}","{""geodesic"":true,""type"":""Polygon"",""coordinates"":[[[2.8818679999999994,45.499909],[2.8817400000000006,45.492129],[2.89423,45.49203200000001],[2.894705,45.49992400000001],[2.8818679999999994,45.499909]]]}"
LE71980282014012ASN00,1.270001220703125,"{shadow_count=0.0, cloud_count=0.0, water_count=458.0, snow_count=5.0, lake_SR={blue=0.02452314410480362, green=0.018946724890829648, red=0.009986244541484677, nir=0.014066157205240142, swir1=0.005710917030567669, swir2=0.0023386462882096087}}",0.348,272.0,2014-01-12T10:31:57,12.438855902777778,229.0,"{blue=21.86374302826594, green=11.398950452887856, red=5.293631797274127, nir=2.1675688283412216, swir1=0.14481774688287594, swir2=0.01993876637069419, tir1=6.1623010460661485, tir2=6.163218184004184}",70.35274124145508,"{lake_TIR=6.1623010460661485, bkgd_BT=6.609403433450838, lake_BT=0.2906002394497134, bkgd_TIR=6.8611607957903935}","{blue=867, green=870, red=872, nir=874, swir1=890, swir2=887, tir1=899, tir2=899}","{""geodesic"":true,""type"":""Polygon"",""coordinates"":[[[2.8818679999999994,45.499909],[2.8817400000000006,45.492129],[2.89423,45.49203200000001],[2.894705,45.49992400000001],[2.8818679999999994,45.499909]]]}"
LE71980282014044ASN00,1.279998779296875,"{shadow_count=0.0, cloud_count=812.0, water_count=0.0, snow_count=0.0, lake_SR={blue=null, green=null, red=null, nir=null, swir1=null, swir2=null}}",0.372,833.0,2014-02-13T10:32:14,44.439057141203705,0.0,"{blue=null, green=null, red=null, nir=null, swir1=null, swir2=null, tir1=null, tir2=null}",62.76809310913086,"{lake_TIR=null, bkgd_BT=-14.614291127522787, lake_BT=null, bkgd_TIR=4.684881924341123}","{blue=824, green=827, red=830, nir=833, swir1=843, swir2=842, tir1=850, tir2=850}","{""geodesic"":true,""type"":""Polygon"",""coordinates"":[[[2.8818679999999994,45.499909],[2.8817400000000006,45.492129],[2.89423,45.49203200000001],[2.894705,45.49992400000001],[2.8818679999999994,45.499909]]]}"
LE71980282014076ASN00,1.229998779296875,"{shadow_count=5.0, cloud_count=661.0, water_count=0.0, snow_count=165.0, lake_SR={blue=null, green=null, red=null, nir=null, swir1=null, swir2=null}}",0.273,855.0,2014-03-17T10:32:19,76.43911872685185,0.0,"{blue=null, green=null, red=null, nir=null, swir1=null, swir2=null, tir1=null, tir2=null}",50.88226318359375,"{lake_TIR=null, bkgd_BT=2.2205374581473216, lake_BT=null, bkgd_TIR=6.375145153914179}","{blue=843, green=846, red=851, nir=855, swir1=865, swir2=861, tir1=870, tir2=870}","{""geodesic"":true,""type"":""Polygon"",""coordinates"":[[[2.8818679999999994,45.499909],[2.8817400000000006,45.492129],[2.89423,45.49203200000001],[2.894705,45.49992400000001],[2.8818679999999994,45.499909]]]}"
LE71980282014092ASN00,1.7,"{shadow_count=0.0, cloud_count=832.0, water_count=0.0, snow_count=0.0, lake_SR={blue=null, green=null, red=null, nir=null, swir1=null, swir2=null}}",0.353,855.0,2014-04-02T10:32:25,92.43918640046296,0.0,"{blue=null, green=null, red=null, nir=null, swir1=null, swir2=null, tir1=null, tir2=null}",44.558555603027344,"{lake_TIR=null, bkgd_BT=-38.44582929767546, lake_BT=null, bkgd_TIR=2.825336280049848}","{blue=845, green=847, red=851, nir=855, swir1=865, swir2=862, tir1=870, tir2=870}","{""geodesic"":true,""type"":""Polygon"",""coordinates"":[[[2.8818679999999994,45.499909],[2.8817400000000006,45.492129],[2.89423,45.49203200000001],[2.894705,45.49992400000001],[2.8818679999999994,45.499909]]]}"
LE71980282014124ASN00,0.870001220703125,"{shadow_count=0.0, cloud_count=0.0, water_count=367.0, snow_count=0.0, lake_SR={blue=0.027369754768392356, green=0.026447411444141686, red=0.013010081743869204, nir=0.023510899182561263, swir1=0.011658855585831069, swir2=0.007556948228882833}}",0.329,422.0,2014-05-04T10:32:40,124.4393527199074,0.0,"{blue=null, green=null, red=null, nir=null, swir1=null, swir2=null, tir1=null, tir2=null}",33.659881591796875,"{lake_TIR=null, bkgd_BT=7.941776093982515, lake_BT=null, bkgd_TIR=7.018005301141077}","{blue=909, green=911, red=913, nir=915, swir1=917, swir2=916, tir1=919, tir2=919}","{""geodesic"":true,""type"":""Polygon"",""coordinates"":[[[2.8818679999999994,45.499909],[2.8817400000000006,45.492129],[2.89423,45.49203200000001],[2.894705,45.49992400000001],[2.8818679999999994,45.499909]]]}"
LE71980282014140EDC00,2.7,"{shadow_count=0.0, cloud_count=902.0, water_count=0.0, snow_count=0.0, lake_SR={blue=null, green=null, red=null, nir=null, swir1=null, swir2=null}}",0.349,913.0,2014-05-20T10:32:48,140.43944542824073,0.0,"{blue=null, green=null, red=null, nir=null, swir1=null, swir2=null, tir1=null, tir2=null}",29.98009490966797,"{lake_TIR=null, bkgd_BT=-15.446822581571691, lake_BT=null, bkgd_TIR=4.609245054862079}","{blue=909, green=910, red=912, nir=913, swir1=918, swir2=917, tir1=918, tir2=918}","{""geodesic"":true,""type"":""Polygon"",""coordinates"":[[[2.8818679999999994,45.499909],[2.8817400000000006,45.492129],[2.89423,45.49203200000001],[2.894705,45.49992400000001],[2.8818679999999994,45.499909]]]}"
LE71980282014156ASN00,1.3600006103515625,"{shadow_count=0.0, cloud_count=0.0, water_count=119.0, snow_count=0.0, lake_SR={blue=0.02543025210084035, green=0.025842016806722694, red=0.01332268907563025, nir=0.026852100840336148, swir1=0.01196638655462185, swir2=0.007726050420168072}}",0.343,453.0,2014-06-05T10:32:51,156.43948043981482,0.0,"{blue=null, green=null, red=null, nir=null, swir1=null, swir2=null, tir1=null, tir2=null}",27.903621673583984,"{lake_TIR=null, bkgd_BT=18.12121169098608, lake_BT=null, bkgd_TIR=8.2452534748739}","{blue=837, green=841, red=843, nir=848, swir1=858, swir2=855, tir1=864, tir2=864}","{""geodesic"":true,""type"":""Polygon"",""coordinates"":[[[2.8818679999999994,45.499909],[2.8817400000000006,45.492129],[2.89423,45.49203200000001],[2.894705,45.49992400000001],[2.8818679999999994,45.499909]]]}"
LE71980282014172ASN00,1.670001220703125,"{shadow_count=0.0, cloud_count=0.0, water_count=13.0, snow_count=0.0, lake_SR={blue=0.025153846153846155, green=0.02323846153846154, red=0.011784615384615383, nir=0.02781538461538461, swir1=0.009469230769230768, swir2=0.004023076923076923}}",0.329,458.0,2014-06-21T10:32:52,172.43949556712963,0.0,"{blue=null, green=null, red=null, nir=null, swir1=null, swir2=null, tir1=null, tir2=null}",27.498271942138672,"{lake_TIR=null, bkgd_BT=23.896111671196113, lake_BT=null, bkgd_TIR=8.99104098327277}","{blue=843, green=845, red=848, nir=853, swir1=863, swir2=859, tir1=867, tir2=867}","{""geodesic"":true,""type"":""Polygon"",""coordinates"":[[[2.8818679999999994,45.499909],[2.8817400000000006,45.492129],[2.89423,45.49203200000001],[2.894705,45.49992400000001],[2.8818679999999994,45.499909]]]}"
LE71980282014204ASN00,3.1300003051757814,"{shadow_count=0.0, cloud_count=827.0, water_count=0.0, snow_count=0.0, lake_SR={blue=null, green=null, red=null, nir=null, swir1=null, swir2=null}}",0.323,850.0,2014-07-23T10:33:01,204.43960032407406,0.0,"{blue=null, green=null, red=null, nir=null, swir1=null, swir2=null, tir1=null, tir2=null}",30.990039825439453,"{lake_TIR=null, bkgd_BT=-8.02108644500492, lake_BT=null, bkgd_TIR=5.305653210465364}","{blue=839, green=843, red=848, nir=850, swir1=860, swir2=857, tir1=865, tir2=865}","{""geodesic"":true,""type"":""Polygon"",""coordinates"":[[[2.8818679999999994,45.499909],[2.8817400000000006,45.492129],[2.89423,45.49203200000001],[2.894705,45.49992400000001],[2.8818679999999994,45.499909]]]}"
LE71980282014220ASN00,3.6800003051757812,"{shadow_count=52.0, cloud_count=800.0, water_count=0.0, snow_count=0.0, lake_SR={blue=null, green=null, red=null, nir=null, swir1=null, swir2=null}}",0.312,867.0,2014-08-08T10:33:06,220.43965543981483,0.0,"{blue=null, green=null, red=null, nir=null, swir1=null, swir2=null, tir1=null, tir2=null}",34.421897888183594,"{lake_TIR=null, bkgd_BT=7.4196111819164905, lake_BT=null, bkgd_TIR=6.966016333276606}","{blue=860, green=862, red=864, nir=867, swir1=881, swir2=878, tir1=890, tir2=890}","{""geodesic"":true,""type"":""Polygon"",""coordinates"":[[[2.8818679999999994,45.499909],[2.8817400000000006,45.492129],[2.89423,45.49203200000001],[2.894705,45.49992400000001],[2.8818679999999994,45.499909]]]}"
LE71980282014236ASN00,1.8399993896484375,"{shadow_count=0.0, cloud_count=829.0, water_count=0.0, snow_count=0.0, lake_SR={blue=null, green=null, red=null, nir=null, swir1=null, swir2=null}}",0.313,844.0,2014-08-24T10:33:03,236.43962862268518,0.0,"{blue=null, green=null, red=null, nir=null, swir1=null, swir2=null, tir1=null, tir2=null}",38.73064041137695,"{lake_TIR=null, bkgd_BT=5.580455171889153, lake_BT=null, bkgd_TIR=6.755330416171447}","{blue=843, green=846, red=850, nir=852, swir1=863, swir2=860, tir1=867, tir2=867}","{""geodesic"":true,""type"":""Polygon"",""coordinates"":[[[2.8818679999999994,45.499909],[2.8817400000000006,45.492129],[2.89423,45.49203200000001],[2.894705,45.49992400000001],[2.8818679999999994,45.499909]]]}"
LE71980282014252ASN00,2.7600006103515624,"{shadow_count=0.0, cloud_count=827.0, water_count=0.0, snow_count=0.0, lake_SR={blue=null, green=null, red=null, nir=null, swir1=null, swir2=null}}",0.289,850.0,2014-09-09T10:33:05,252.4396519675926,0.0,"{blue=null, green=null, red=null, nir=null, swir1=null, swir2=null, tir1=null, tir2=null}",43.74421310424805,"{lake_TIR=null, bkgd_BT=-23.31506789733316, lake_BT=null, bkgd_TIR=3.9430628004614436}","{blue=839, green=844, red=846, nir=850, swir1=860, swir2=856, tir1=866, tir2=866}","{""geodesic"":true,""type"":""Polygon"",""coordinates"":[[[2.8818679999999994,45.499909],[2.8817400000000006,45.492129],[2.89423,45.49203200000001],[2.894705,45.49992400000001],[2.8818679999999994,45.499909]]]}"
LE71980282014268ASN00,1.5399993896484374,"{shadow_count=0.0, cloud_count=841.0, water_count=0.0, snow_count=0.0, lake_SR={blue=null, green=null, red=null, nir=null, swir1=null, swir2=null}}",0.269,863.0,2014-09-25T10:33:12,268.43972539351853,0.0,"{blue=null, green=null, red=null, nir=null, swir1=null, swir2=null, tir1=null, tir2=null}",49.21756362915039,"{lake_TIR=null, bkgd_BT=2.710252659295195, lake_BT=null, bkgd_TIR=6.43598683947517}","{blue=853, green=856, red=859, nir=863, swir1=872, swir2=871, tir1=879, tir2=879}","{""geodesic"":true,""type"":""Polygon"",""coordinates"":[[[2.8818679999999994,45.499909],[2.8817400000000006,45.492129],[2.89423,45.49203200000001],[2.894705,45.49992400000001],[2.8818679999999994,45.499909]]]}"
LE71980282014284ASN00,1.879998779296875,"{shadow_count=0.0, cloud_count=0.0, water_count=359.0, snow_count=0.0, lake_SR={blue=0.022944289693593328, green=0.01714261838440113, red=0.0068119777158774375, nir=0.018043732590529233, swir1=0.005113370473537606, swir2=0.0020047353760445762}}",0.277,368.0,2014-10-11T10:33:24,284.43986396990744,7.0,"{blue=31.414003985268728, green=16.587008953094482, red=8.46456663949149, nir=3.7620923689433505, swir1=0.11545273909966151, swir2=0.026810993750890095, tir1=7.4577953306337195, tir2=7.472342479353149}",54.88105773925781,"{lake_TIR=7.4577953306337195, bkgd_BT=12.813410858823962, lake_BT=11.756103515625, bkgd_TIR=7.58684418010394}","{blue=847, green=850, red=854, nir=857, swir1=866, swir2=863, tir1=873, tir2=873}","{""geodesic"":true,""type"":""Polygon"",""coordinates"":[[[2.8818679999999994,45.499909],[2.8817400000000006,45.492129],[2.89423,45.49203200000001],[2.894705,45.49992400000001],[2.8818679999999994,45.499909]]]}"
LE71980282014300EDC00,1.0899999618530274,"{shadow_count=0.0, cloud_count=0.0, water_count=102.0, snow_count=0.0, lake_SR={blue=0.02768137254901961, green=0.024021568627450977, red=0.01729215686274511, nir=0.03583333333333334, swir1=0.022506862745098062, swir2=0.01575588235294119}}",0.27,394.0,2014-10-27T10:33:33,300.43996847222223,0.0,"{blue=null, green=null, red=null, nir=null, swir1=null, swir2=null, tir1=null, tir2=null}",60.341365814208984,"{lake_TIR=null, bkgd_BT=8.948583642476821, lake_BT=null, bkgd_TIR=7.127744032742448}","{blue=848, green=850, red=853, nir=858, swir1=867, swir2=863, tir1=873, tir2=873}","{""geodesic"":true,""type"":""Polygon"",""coordinates"":[[[2.8818679999999994,45.499909],[2.8817400000000006,45.492129],[2.89423,45.49203200000001],[2.894705,45.49992400000001],[2.8818679999999994,45.499909]]]}"
LE71980282014316EDC00,1.2300000190734863,"{shadow_count=87.0, cloud_count=818.0, water_count=0.0, snow_count=0.0, lake_SR={blue=null, green=null, red=null, nir=null, swir1=null, swir2=null}}",0.297,574.0,2014-11-12T10:33:42,316.4400712152778,0.0,"{blue=null, green=null, red=null, nir=null, swir1=null, swir2=null, tir1=null, tir2=null}",65.14773559570312,"{lake_TIR=null, bkgd_BT=2.415864432198661, lake_BT=null, bkgd_TIR=6.392779349769865}","{blue=911, green=913, red=914, nir=915, swir1=920, swir2=919, tir1=922, tir2=922}","{""geodesic"":true,""type"":""Polygon"",""coordinates"":[[[2.8818679999999994,45.499909],[2.8817400000000006,45.492129],[2.89423,45.49203200000001],[2.894705,45.49992400000001],[2.8818679999999994,45.499909]]]}"
LE71980282014348ASN00,1.1399999618530274,"{shadow_count=0.0, cloud_count=876.0, water_count=0.0, snow_count=0.0, lake_SR={blue=null, green=null, red=null, nir=null, swir1=null, swir2=null}}",0.35,895.0,2014-12-14T10:33:55,348.44022122685186,0.0,"{blue=null, green=null, red=null, nir=null, swir1=null, swir2=null, tir1=null, tir2=null}",71.01393699645996,"{lake_TIR=null, bkgd_BT=-19.56782621495864, lake_BT=null, bkgd_TIR=4.254080624264829}","{blue=887, green=889, red=892, nir=895, swir1=895, swir2=892, tir1=893, tir2=893}","{""geodesic"":true,""type"":""Polygon"",""coordinates"":[[[2.8818679999999994,45.499909],[2.8817400000000006,45.492129],[2.89423,45.49203200000001],[2.894705,45.49992400000001],[2.8818679999999994,45.499909]]]}"
LE71980282014364ASN00,0.9300000190734863,"{shadow_count=0.0, cloud_count=93.0, water_count=402.0, snow_count=314.0, lake_SR={blue=0.0826669154228856, green=0.04805398009950252, red=0.02596965174129363, nir=0.02380796019900492, swir1=0.0012611940298507393, swir2=0.0017835820895522395}}",0.288,403.0,2014-12-30T10:33:56,364.44023765046296,218.0,"{blue=30.761315685731393, green=16.47626766617145, red=8.613642570075639, nir=3.7011539517739496, swir1=0.1067666277565338, swir2=0.02364032923482185, tir1=6.166245520750493, tir2=6.172851419367638}",71.37174415588379,"{lake_TIR=6.166245520750493, bkgd_BT=-8.65187154497419, lake_BT=0.3298429516254443, bkgd_TIR=5.250725573061833}","{blue=844, green=848, red=852, nir=855, swir1=864, swir2=860, tir1=868, tir2=868}","{""geodesic"":true,""type"":""Polygon"",""coordinates"":[[[2.8818679999999994,45.499909],[2.8817400000000006,45.492129],[2.89423,45.49203200000001],[2.894705,45.49992400000001],[2.8818679999999994,45.499909]]]}"
LE71980282015015ASN00,1.9100000381469726,"{shadow_count=256.0, cloud_count=584.0, water_count=0.0, snow_count=0.0, lake_SR={blue=null, green=null, red=null, nir=null, swir1=null, swir2=null}}",0.354,854.0,2015-01-15T10:34:00,15.440288460648148,0.0,"{blue=null, green=null, red=null, nir=null, swir1=null, swir2=null, tir1=null, tir2=null}",69.81948852539062,"{lake_TIR=null, bkgd_BT=-2.467021025211439, lake_BT=null, bkgd_TIR=5.875433403185201}","{blue=850, green=851, red=856, nir=858, swir1=870, swir2=867, tir1=878, tir2=878}","{""geodesic"":true,""type"":""Polygon"",""coordinates"":[[[2.8818679999999994,45.499909],[2.8817400000000006,45.492129],[2.89423,45.49203200000001],[2.894705,45.49992400000001],[2.8818679999999994,45.499909]]]}"
LE71980282015047ASN00,0.7099999904632568,"{shadow_count=96.0, cloud_count=739.0, water_count=0.0, snow_count=0.0, lake_SR={blue=null, green=null, red=null, nir=null, swir1=null, swir2=null}}",0.312,854.0,2015-02-16T10:34:09,47.44038699074074,0.0,"{blue=null, green=null, red=null, nir=null, swir1=null, swir2=null, tir1=null, tir2=null}",61.70279121398926,"{lake_TIR=null, bkgd_BT=-3.1571902320498513, lake_BT=null, bkgd_TIR=5.8001170281853}","{blue=847, green=850, red=854, nir=857, swir1=867, swir2=865, tir1=873, tir2=873}","{""geodesic"":true,""type"":""Polygon"",""coordinates"":[[[2.8818679999999994,45.499909],[2.8817400000000006,45.492129],[2.89423,45.49203200000001],[2.894705,45.49992400000001],[2.8818679999999994,45.499909]]]}"
LE71980282015095NSG00,0.7699999809265137,"{shadow_count=21.0, cloud_count=831.0, water_count=0.0, snow_count=0.0, lake_SR={blue=null, green=null, red=null, nir=null, swir1=null, swir2=null}}",0.322,667.0,2015-04-05T10:34:34,95.4406783912037,0.0,"{blue=null, green=null, red=null, nir=null, swir1=null, swir2=null, tir1=null, tir2=null}",43.31690216064453,"{lake_TIR=null, bkgd_BT=-4.038638741629464, lake_BT=null, bkgd_TIR=5.706834687789281}","{blue=859, green=861, red=863, nir=867, swir1=879, swir2=878, tir1=890, tir2=890}","{""geodesic"":true,""type"":""Polygon"",""coordinates"":[[[2.8818679999999994,45.499909],[2.8817400000000006,45.492129],[2.89423,45.49203200000001],[2.894705,45.49992400000001],[2.8818679999999994,45.499909]]]}"
LE71980282015111NSG00,1.0399999618530273,"{shadow_count=0.0, cloud_count=0.0, water_count=423.0, snow_count=0.0, lake_SR={blue=0.021819385342789634, green=0.020858392434988198, red=0.010259338061465709, nir=0.01731654846335692, swir1=0.007162884160756524, swir2=0.003945390070921967}}",0.387,365.0,2015-04-21T10:34:40,111.44074262731482,10.0,"{blue=36.06936950683594, green=20.82145792245865, red=9.326298904418945, nir=4.592913508415222, swir1=0.3767873913049698, swir2=0.06227555871009827, tir1=7.178267769515514, tir2=7.184625948593021}",37.530601501464844,"{lake_TIR=7.178267769515514, bkgd_BT=18.928108135210035, lake_BT=9.468017578125, bkgd_TIR=8.33917149825754}","{blue=900, green=902, red=904, nir=906, swir1=907, swir2=906, tir1=906, tir2=906}","{""geodesic"":true,""type"":""Polygon"",""coordinates"":[[[2.8818679999999994,45.499909],[2.8817400000000006,45.492129],[2.89423,45.49203200000001],[2.894705,45.49992400000001],[2.8818679999999994,45.499909]]]}"
LE71980282015127ASN00,1.2100000381469727,"{shadow_count=0.0, cloud_count=832.0, water_count=0.0, snow_count=0.0, lake_SR={blue=null, green=null, red=null, nir=null, swir1=null, swir2=null}}",0.32,854.0,2015-05-07T10:34:48,127.44083641203704,0.0,"{blue=null, green=null, red=null, nir=null, swir1=null, swir2=null, tir1=null, tir2=null}",32.71654510498047,"{lake_TIR=null, bkgd_BT=-32.89506794322621, lake_BT=null, bkgd_TIR=3.20308091125705}","{blue=843, green=848, red=850, nir=854, swir1=863, swir2=862, tir1=870, tir2=870}","{""geodesic"":true,""type"":""Polygon"",""coordinates"":[[[2.8818679999999994,45.499909],[2.8817400000000006,45.492129],[2.89423,45.49203200000001],[2.894705,45.49992400000001],[2.8818679999999994,45.499909]]]}"
LE71980282015143NSG00,1.95,"{shadow_count=0.0, cloud_count=832.0, water_count=0.0, snow_count=0.0, lake_SR={blue=null, green=null, red=null, nir=null, swir1=null, swir2=null}}",0.374,855.0,2015-05-23T10:34:54,143.44090788194444,0.0,"{blue=null, green=null, red=null, nir=null, swir1=null, swir2=null, tir1=null, tir2=null}",29.28130340576172,"{lake_TIR=null, bkgd_BT=-6.84858831958236, lake_BT=null, bkgd_TIR=5.4202222785799306}","{blue=845, green=848, red=851, nir=855, swir1=864, swir2=861, tir1=871, tir2=871}","{""geodesic"":true,""type"":""Polygon"",""coordinates"":[[[2.8818679999999994,45.499909],[2.8817400000000006,45.492129],[2.89423,45.49203200000001],[2.894705,45.49992400000001],[2.8818679999999994,45.499909]]]}"
LE71980282015159NSG00,1.6700000762939453,"{shadow_count=118.0, cloud_count=440.0, water_count=0.0, snow_count=0.0, lake_SR={blue=null, green=null, red=null, nir=null, swir1=null, swir2=null}}",0.336,603.0,2015-06-08T10:35:01,159.44099324074074,0.0,"{blue=null, green=null, red=null, nir=null, swir1=null, swir2=null, tir1=null, tir2=null}",27.477275848388672,"{lake_TIR=null, bkgd_BT=15.278942108154297, lake_BT=null, bkgd_TIR=7.878353281572345}","{blue=840, green=842, red=847, nir=850, swir1=861, swir2=856, tir1=866, tir2=866}","{""geodesic"":true,""type"":""Polygon"",""coordinates"":[[[2.8818679999999994,45.499909],[2.8817400000000006,45.492129],[2.89423,45.49203200000001],[2.894705,45.49992400000001],[2.8818679999999994,45.499909]]]}"
LE71980282015175NSG00,1.4899999618530273,"{shadow_count=0.0, cloud_count=0.0, water_count=260.0, snow_count=0.0, lake_SR={blue=0.026122692307692312, green=0.026807307692307717, red=0.01093384615384615, nir=0.021951538461538477, swir1=0.009586538461538436, swir2=0.006530384615384629}}",0.336,437.0,2015-06-24T10:35:03,175.44100711805555,9.0,"{blue=40.50358642472161, green=24.11491823196411, red=9.24251937866211, nir=5.562204837799072, swir1=0.3385432958602905, swir2=0.019422542717721727, tir1=7.97585307723946, tir2=7.995275541726086}",27.339813232421875,"{lake_TIR=7.97585307723946, bkgd_BT=21.6930375752855, lake_BT=16.099822998046875, bkgd_TIR=8.691903462590485}","{blue=844, green=847, red=851, nir=857, swir1=865, swir2=862, tir1=870, tir2=870}","{""geodesic"":true,""type"":""Polygon"",""coordinates"":[[[2.8818679999999994,45.499909],[2.8817400000000006,45.492129],[2.89423,45.49203200000001],[2.894705,45.49992400000001],[2.8818679999999994,45.499909]]]}"
LE71980282015191NSG00,1.2399999618530273,"{shadow_count=0.0, cloud_count=0.0, water_count=214.0, snow_count=0.0, lake_SR={blue=0.033222429906542075, green=0.03349579439252339, red=0.016748130841121485, nir=0.029519158878504627, swir1=0.01145654205607477, swir2=0.0071373831775701025}}",0.317,435.0,2015-07-10T10:35:09,191.44108631944445,0.0,"{blue=null, green=null, red=null, nir=null, swir1=null, swir2=null, tir1=null, tir2=null}",28.68706512451172,"{lake_TIR=null, bkgd_BT=28.13080305187285, lake_BT=null, bkgd_TIR=9.557277299250412}","{blue=840, green=843, red=847, nir=850, swir1=860, swir2=858, tir1=866, tir2=866}","{""geodesic"":true,""type"":""Polygon"",""coordinates"":[[[2.8818679999999994,45.499909],[2.8817400000000006,45.492129],[2.89423,45.49203200000001],[2.894705,45.49992400000001],[2.8818679999999994,45.499909]]]}"
LE71980282015223NSG00,3.6200000762939455,"{shadow_count=0.0, cloud_count=0.0, water_count=320.0, snow_count=0.0, lake_SR={blue=0.02569812499999996, green=0.023879687500000045, red=0.008388437499999998, nir=0.01816624999999993, swir1=0.005972812499999975, swir2=0.00305593750000001}}",0.306,434.0,2015-08-11T10:35:16,223.44116609953704,57.0,"{blue=40.4897769668646, green=24.228119875255384, red=10.047243770800138, nir=5.562204837799072, swir1=0.36538125757585493, swir2=0.057142529571265505, tir1=8.131603872697605, tir2=8.137132149451135}",34.88264465332031,"{lake_TIR=8.131603872697605, bkgd_BT=22.640200682974776, lake_BT=17.350393194901315, bkgd_TIR=8.813373400624982}","{blue=840, green=845, red=848, nir=850, swir1=861, swir2=857, tir1=866, tir2=866}","{""geodesic"":true,""type"":""Polygon"",""coordinates"":[[[2.8818679999999994,45.499909],[2.8817400000000006,45.492129],[2.89423,45.49203200000001],[2.894705,45.49992400000001],[2.8818679999999994,45.499909]]]}"
LE71980282015239NSG00,4.19000015258789,"{shadow_count=0.0, cloud_count=904.0, water_count=0.0, snow_count=0.0, lake_SR={blue=null, green=null, red=null, nir=null, swir1=null, swir2=null}}",0.287,915.0,2015-08-27T10:35:17,239.4411759375,0.0,"{blue=null, green=null, red=null, nir=null, swir1=null, swir2=null, tir1=null, tir2=null}",39.350807189941406,"{lake_TIR=null, bkgd_BT=-2.2103524641557173, lake_BT=null, bkgd_TIR=5.890662176619199}","{blue=910, green=911, red=913, nir=915, swir1=920, swir2=918, tir1=922, tir2=922}","{""geodesic"":true,""type"":""Polygon"",""coordinates"":[[[2.8818679999999994,45.499909],[2.8817400000000006,45.492129],[2.89423,45.49203200000001],[2.894705,45.49992400000001],[2.8818679999999994,45.499909]]]}"
LE71980282015271NSG00,0.9699999809265136,"{shadow_count=0.0, cloud_count=0.0, water_count=318.0, snow_count=0.0, lake_SR={blue=0.0230053459119497, green=0.017650943396226408, red=0.006902201257861653, nir=0.01606540880503151, swir1=0.004910691823899354, swir2=0.0021301886792452957}}",0.286,399.0,2015-09-28T10:35:25,271.4412642476852,25.0,"{blue=32.574471912384034, green=18.18400113582611, red=7.365858001708984, nir=4.0501103639602665, swir1=0.20851337134838105, swir2=0.03567713499069214, tir1=7.502966984510421, tir2=7.5083070456981655}",50.06576919555664,"{lake_TIR=7.502966984510421, bkgd_BT=11.856531599456188, lake_BT=12.21584716796875, bkgd_TIR=7.463627042889206}","{blue=834, green=836, red=839, nir=844, swir1=853, swir2=849, tir1=857, tir2=857}","{""geodesic"":true,""type"":""Polygon"",""coordinates"":[[[2.8818679999999994,45.499909],[2.8817400000000006,45.492129],[2.89423,45.49203200000001],[2.894705,45.49992400000001],[2.8818679999999994,45.499909]]]}"
LE71980282015303NSG00,1.8200000762939452,"{shadow_count=0.0, cloud_count=0.0, water_count=357.0, snow_count=0.0, lake_SR={blue=0.021444257703081206, green=0.01624789915966384, red=0.0075140056022408655, nir=0.014684593837534989, swir1=0.005301680672268931, swir2=0.00269383753501399}}",0.247,338.0,2015-10-30T10:35:52,303.4415840856482,119.0,"{blue=25.88925953032607, green=13.730153826104493, red=5.96966164452689, nir=2.7032026813811614, swir1=0.1685695383283827, swir2=0.032925573916270816, tir1=7.118305397112812, tir2=7.108471500662576}",61.11405372619629,"{lake_TIR=7.118305397112812, bkgd_BT=12.381859334309896, lake_BT=8.952401760405143, bkgd_TIR=7.52428561983837}","{blue=852, green=855, red=858, nir=862, swir1=872, swir2=869, tir1=877, tir2=877}","{""geodesic"":true,""type"":""Polygon"",""coordinates"":[[[2.8818679999999994,45.499909],[2.8817400000000006,45.492129],[2.89423,45.49203200000001],[2.894705,45.49992400000001],[2.8818679999999994,45.499909]]]}"
LE71980282015319NSG00,1.6399999618530274,"{shadow_count=0.0, cloud_count=0.0, water_count=371.0, snow_count=0.0, lake_SR={blue=0.03261805929919136, green=0.027128301886792293, red=0.01934204851752031, nir=0.03043261455525613, swir1=0.01794150943396239, swir2=0.011428032345013535}}",0.256,320.0,2015-11-15T10:36:09,319.44178010416664,1.0,"{blue=25.679133415222168, green=15.377166390419006, red=8.19527530670166, nir=3.623622179031372, swir1=0.7209842503070831, swir2=0.11547240614891052, tir1=6.9770079255104065, tir2=6.994881857186556}",65.76325988769531,"{lake_TIR=6.9770079255104065, bkgd_BT=11.102532332387714, lake_BT=7.72845458984375, bkgd_TIR=7.371109901413945}","{blue=848, green=851, red=855, nir=859, swir1=869, swir2=865, tir1=873, tir2=873}","{""geodesic"":true,""type"":""Polygon"",""coordinates"":[[[2.8818679999999994,45.499909],[2.8817400000000006,45.492129],[2.89423,45.49203200000001],[2.894705,45.49992400000001],[2.8818679999999994,45.499909]]]}"
LE71980282015351NSG00,1.55,"{shadow_count=0.0, cloud_count=0.0, water_count=425.0, snow_count=0.0, lake_SR={blue=0.022409411764705928, green=0.018488941176470527, red=0.010043058823529374, nir=0.01576470588235305, swir1=0.0069602352941176655, swir2=0.004091764705882337}}",0.268,281.0,2015-12-17T10:36:39,351.44212429398146,212.0,"{blue=21.496051352364677, green=11.662036634278747, red=5.2965827528035865, nir=2.279416278848108, swir1=0.15281240171507784, swir2=0.028295754245593788, tir1=6.661537210679636, tir2=6.655139208585024}",71.07139205932617,"{lake_TIR=6.661537210679636, bkgd_BT=9.348166694205977, lake_BT=4.940988680211509, bkgd_TIR=7.165513660262973}","{blue=843, green=846, red=851, nir=853, swir1=864, swir2=861, tir1=870, tir2=870}","{""geodesic"":true,""type"":""Polygon"",""coordinates"":[[[2.8818679999999994,45.499909],[2.8817400000000006,45.492129],[2.89423,45.49203200000001],[2.894705,45.49992400000001],[2.8818679999999994,45.499909]]]}"
